method x h estimate exact absolute_error
forward_difference   5.0000   1.000000     0.60183509     0.54365637     0.05817873
central_difference   5.0000   1.000000     0.54728800     0.54365637     0.00363163
richardson_central   5.0000   1.000000     0.54365455     0.54365637     0.00000181
forward_difference   5.0000   0.500000     0.57176839     0.54365637     0.02811203
central_difference   5.0000   0.500000     0.54456291     0.54365637     0.00090655
richardson_central   5.0000   0.500000     0.54365625     0.54365637     0.00000011
forward_difference   5.0000   0.250000     0.55747716     0.54365637     0.01382079
central_difference   5.0000   0.250000     0.54388292     0.54365637     0.00022655
richardson_central   5.0000   0.250000     0.54365636     0.54365637     0.00000001
forward_difference   5.0000   0.125000     0.55050906     0.54365637     0.00685269
central_difference   5.0000   0.125000     0.54371300     0.54365637     0.00005663
richardson_central   5.0000   0.125000     0.54365637     0.54365637     0.00000000
forward_difference   5.0000   0.062500     0.54706842     0.54365637     0.00341205
central_difference   5.0000   0.062500     0.54367052     0.54365637     0.00001416
richardson_central   5.0000   0.062500     0.54365637     0.54365637     0.00000000
forward_difference   5.0000   0.031250     0.54535884     0.54365637     0.00170247
central_difference   5.0000   0.031250     0.54365991     0.54365637     0.00000354
richardson_central   5.0000   0.031250     0.54365637     0.54365637     0.00000000
