time weak_feedback baseline_feedback strong_feedback
0     0.000000     0.000000     0.000000
10     2.776429     2.395349     1.999537
20     3.677803     2.929823     2.270145
30     3.970437     3.049081     2.306768
40     4.065441     3.075691     2.311724
50     4.096284     3.081628     2.312395
60     4.106297     3.082953     2.312486
70     4.109548     3.083248     2.312498
80     4.110604     3.083314     2.312500
90     4.110946     3.083329     2.312500
100     4.111058     3.083332     2.312500
