step time baseline_state forced_state shock_value absolute_deviation
     0      0.000000    100.000000    100.000000      0.000000      0.000000
     1      0.100000    100.000000    100.000000      0.000000      0.000000
     2      0.200000    100.000000    100.000000      0.000000      0.000000
     3      0.300000    100.000000    100.000000      0.000000      0.000000
     4      0.400000    100.000000    100.000000      0.000000      0.000000
     5      0.500000    100.000000    100.000000      0.000000      0.000000
     6      0.600000    100.000000    100.000000      0.000000      0.000000
     7      0.700000    100.000000    100.000000      0.000000      0.000000
     8      0.800000    100.000000    100.000000      0.000000      0.000000
     9      0.900000    100.000000    100.000000      0.000000      0.000000
    10      1.000000    100.000000    100.000000      0.000000      0.000000
    11      1.100000    100.000000    100.000000      0.000000      0.000000
    12      1.200000    100.000000    100.000000      0.000000      0.000000
    13      1.300000    100.000000    100.000000      0.000000      0.000000
    14      1.400000    100.000000    100.000000      0.000000      0.000000
    15      1.500000    100.000000    100.000000      0.000000      0.000000
    16      1.600000    100.000000    100.000000      0.000000      0.000000
    17      1.700000    100.000000    100.000000      0.000000      0.000000
    18      1.800000    100.000000    100.000000      0.000000      0.000000
    19      1.900000    100.000000    100.000000      0.000000      0.000000
    20      2.000000    100.000000    100.000000      0.000000      0.000000
    21      2.100000    100.000000    100.000000      0.000000      0.000000
    22      2.200000    100.000000    100.000000      0.000000      0.000000
    23      2.300000    100.000000    100.000000      0.000000      0.000000
    24      2.400000    100.000000    100.000000      0.000000      0.000000
    25      2.500000    100.000000    100.000000      0.000000      0.000000
    26      2.600000    100.000000    100.000000      0.000000      0.000000
    27      2.700000    100.000000    100.000000      0.000000      0.000000
    28      2.800000    100.000000    100.000000      0.000000      0.000000
    29      2.900000    100.000000    100.000000      0.000000      0.000000
    30      3.000000    100.000000    100.000000      0.000000      0.000000
    31      3.100000    100.000000    100.000000      0.000000      0.000000
    32      3.200000    100.000000    100.000000      0.000000      0.000000
    33      3.300000    100.000000    100.000000      0.000000      0.000000
    34      3.400000    100.000000    100.000000      0.000000      0.000000
    35      3.500000    100.000000    100.000000      0.000000      0.000000
    36      3.600000    100.000000    100.000000      0.000000      0.000000
    37      3.700000    100.000000    100.000000      0.000000      0.000000
    38      3.800000    100.000000    100.000000      0.000000      0.000000
    39      3.900000    100.000000    100.000000      0.000000      0.000000
    40      4.000000    100.000000    100.000000      0.000000      0.000000
    41      4.100000    100.000000    100.000000      0.000000      0.000000
    42      4.200000    100.000000    100.000000      0.000000      0.000000
    43      4.300000    100.000000    100.000000      0.000000      0.000000
    44      4.400000    100.000000    100.000000      0.000000      0.000000
    45      4.500000    100.000000    100.000000      0.000000      0.000000
    46      4.600000    100.000000    100.000000      0.000000      0.000000
    47      4.700000    100.000000    100.000000      0.000000      0.000000
    48      4.800000    100.000000    100.000000      0.000000      0.000000
    49      4.900000    100.000000    100.000000      0.000000      0.000000
    50      5.000000    100.000000    100.000000      0.000000      0.000000
    51      5.100000    100.000000    100.000000      0.000000      0.000000
    52      5.200000    100.000000    100.000000      0.000000      0.000000
    53      5.300000    100.000000    100.000000      0.000000      0.000000
    54      5.400000    100.000000    100.000000      0.000000      0.000000
    55      5.500000    100.000000    100.000000      0.000000      0.000000
    56      5.600000    100.000000    100.000000      0.000000      0.000000
    57      5.700000    100.000000    100.000000      0.000000      0.000000
    58      5.800000    100.000000    100.000000      0.000000      0.000000
    59      5.900000    100.000000    100.000000      0.000000      0.000000
    60      6.000000    100.000000    100.000000      0.000000      0.000000
    61      6.100000    100.000000    100.000000      0.000000      0.000000
    62      6.200000    100.000000    100.000000      0.000000      0.000000
    63      6.300000    100.000000    100.000000      0.000000      0.000000
    64      6.400000    100.000000    100.000000      0.000000      0.000000
    65      6.500000    100.000000    100.000000      0.000000      0.000000
    66      6.600000    100.000000    100.000000      0.000000      0.000000
    67      6.700000    100.000000    100.000000      0.000000      0.000000
    68      6.800000    100.000000    100.000000      0.000000      0.000000
    69      6.900000    100.000000    100.000000      0.000000      0.000000
    70      7.000000    100.000000    100.000000      0.000000      0.000000
    71      7.100000    100.000000    100.000000      0.000000      0.000000
    72      7.200000    100.000000    100.000000      0.000000      0.000000
    73      7.300000    100.000000    100.000000      0.000000      0.000000
    74      7.400000    100.000000    100.000000      0.000000      0.000000
    75      7.500000    100.000000    100.000000      0.000000      0.000000
    76      7.600000    100.000000    100.000000      0.000000      0.000000
    77      7.700000    100.000000    100.000000      0.000000      0.000000
    78      7.800000    100.000000    100.000000      0.000000      0.000000
    79      7.900000    100.000000    100.000000      0.000000      0.000000
    80      8.000000    100.000000    100.000000      0.000000      0.000000
    81      8.100000    100.000000    100.000000      0.000000      0.000000
    82      8.200000    100.000000    100.000000      0.000000      0.000000
    83      8.300000    100.000000    100.000000      0.000000      0.000000
    84      8.400000    100.000000    100.000000      0.000000      0.000000
    85      8.500000    100.000000    100.000000      0.000000      0.000000
    86      8.600000    100.000000    100.000000      0.000000      0.000000
    87      8.700000    100.000000    100.000000      0.000000      0.000000
    88      8.800000    100.000000    100.000000      0.000000      0.000000
    89      8.900000    100.000000    100.000000      0.000000      0.000000
    90      9.000000    100.000000    100.000000      0.000000      0.000000
    91      9.100000    100.000000    100.000000      0.000000      0.000000
    92      9.200000    100.000000    100.000000      0.000000      0.000000
    93      9.300000    100.000000    100.000000      0.000000      0.000000
    94      9.400000    100.000000    100.000000      0.000000      0.000000
    95      9.500000    100.000000    100.000000      0.000000      0.000000
    96      9.600000    100.000000    100.000000      0.000000      0.000000
    97      9.700000    100.000000    100.000000      0.000000      0.000000
    98      9.800000    100.000000    100.000000      0.000000      0.000000
    99      9.900000    100.000000    100.000000      0.000000      0.000000
   100     10.000000    100.000000    100.000000    -30.000000      0.000000
   101     10.100000    100.000000     70.450000      0.000000     29.550000
   102     10.200000    100.000000     70.893250      0.000000     29.106750
   103     10.300000    100.000000     71.329851      0.000000     28.670149
   104     10.400000    100.000000     71.759903      0.000000     28.240097
   105     10.500000    100.000000     72.183505      0.000000     27.816495
   106     10.600000    100.000000     72.600752      0.000000     27.399248
   107     10.700000    100.000000     73.011741      0.000000     26.988259
   108     10.800000    100.000000     73.416565      0.000000     26.583435
   109     10.900000    100.000000     73.815316      0.000000     26.184684
   110     11.000000    100.000000     74.208087      0.000000     25.791913
   111     11.100000    100.000000     74.594965      0.000000     25.405035
   112     11.200000    100.000000     74.976041      0.000000     25.023959
   113     11.300000    100.000000     75.351400      0.000000     24.648600
   114     11.400000    100.000000     75.721129      0.000000     24.278871
   115     11.500000    100.000000     76.085312      0.000000     23.914688
   116     11.600000    100.000000     76.444033      0.000000     23.555967
   117     11.700000    100.000000     76.797372      0.000000     23.202628
   118     11.800000    100.000000     77.145412      0.000000     22.854588
   119     11.900000    100.000000     77.488230      0.000000     22.511770
   120     12.000000    100.000000     77.825907      0.000000     22.174093
   121     12.100000    100.000000     78.158518      0.000000     21.841482
   122     12.200000    100.000000     78.486141      0.000000     21.513859
   123     12.300000    100.000000     78.808849      0.000000     21.191151
   124     12.400000    100.000000     79.126716      0.000000     20.873284
   125     12.500000    100.000000     79.439815      0.000000     20.560185
   126     12.600000    100.000000     79.748218      0.000000     20.251782
   127     12.700000    100.000000     80.051995      0.000000     19.948005
   128     12.800000    100.000000     80.351215      0.000000     19.648785
   129     12.900000    100.000000     80.645946      0.000000     19.354054
   130     13.000000    100.000000     80.936257      0.000000     19.063743
   131     13.100000    100.000000     81.222213      0.000000     18.777787
   132     13.200000    100.000000     81.503880      0.000000     18.496120
   133     13.300000    100.000000     81.781322      0.000000     18.218678
   134     13.400000    100.000000     82.054602      0.000000     17.945398
   135     13.500000    100.000000     82.323783      0.000000     17.676217
   136     13.600000    100.000000     82.588926      0.000000     17.411074
   137     13.700000    100.000000     82.850092      0.000000     17.149908
   138     13.800000    100.000000     83.107341      0.000000     16.892659
   139     13.900000    100.000000     83.360731      0.000000     16.639269
   140     14.000000    100.000000     83.610320      0.000000     16.389680
   141     14.100000    100.000000     83.856165      0.000000     16.143835
   142     14.200000    100.000000     84.098323      0.000000     15.901677
   143     14.300000    100.000000     84.336848      0.000000     15.663152
   144     14.400000    100.000000     84.571795      0.000000     15.428205
   145     14.500000    100.000000     84.803218      0.000000     15.196782
   146     14.600000    100.000000     85.031170      0.000000     14.968830
   147     14.700000    100.000000     85.255702      0.000000     14.744298
   148     14.800000    100.000000     85.476867      0.000000     14.523133
   149     14.900000    100.000000     85.694714      0.000000     14.305286
   150     15.000000    100.000000     85.909293      0.000000     14.090707
   151     15.100000    100.000000     86.120654      0.000000     13.879346
   152     15.200000    100.000000     86.328844      0.000000     13.671156
   153     15.300000    100.000000     86.533911      0.000000     13.466089
   154     15.400000    100.000000     86.735903      0.000000     13.264097
   155     15.500000    100.000000     86.934864      0.000000     13.065136
   156     15.600000    100.000000     87.130841      0.000000     12.869159
   157     15.700000    100.000000     87.323879      0.000000     12.676121
   158     15.800000    100.000000     87.514020      0.000000     12.485980
   159     15.900000    100.000000     87.701310      0.000000     12.298690
   160     16.000000    100.000000     87.885790      0.000000     12.114210
   161     16.100000    100.000000     88.067504      0.000000     11.932496
   162     16.200000    100.000000     88.246491      0.000000     11.753509
   163     16.300000    100.000000     88.422794      0.000000     11.577206
   164     16.400000    100.000000     88.596452      0.000000     11.403548
   165     16.500000    100.000000     88.767505      0.000000     11.232495
   166     16.600000    100.000000     88.935992      0.000000     11.064008
   167     16.700000    100.000000     89.101952      0.000000     10.898048
   168     16.800000    100.000000     89.265423      0.000000     10.734577
   169     16.900000    100.000000     89.426442      0.000000     10.573558
   170     17.000000    100.000000     89.585045      0.000000     10.414955
   171     17.100000    100.000000     89.741270      0.000000     10.258730
   172     17.200000    100.000000     89.895150      0.000000     10.104850
   173     17.300000    100.000000     90.046723      0.000000      9.953277
   174     17.400000    100.000000     90.196022      0.000000      9.803978
   175     17.500000    100.000000     90.343082      0.000000      9.656918
   176     17.600000    100.000000     90.487936      0.000000      9.512064
   177     17.700000    100.000000     90.630617      0.000000      9.369383
   178     17.800000    100.000000     90.771158      0.000000      9.228842
   179     17.900000    100.000000     90.909590      0.000000      9.090410
   180     18.000000    100.000000     91.045946      0.000000      8.954054
   181     18.100000    100.000000     91.180257      0.000000      8.819743
   182     18.200000    100.000000     91.312553      0.000000      8.687447
   183     18.300000    100.000000     91.442865      0.000000      8.557135
   184     18.400000    100.000000     91.571222      0.000000      8.428778
   185     18.500000    100.000000     91.697654      0.000000      8.302346
   186     18.600000    100.000000     91.822189      0.000000      8.177811
   187     18.700000    100.000000     91.944856      0.000000      8.055144
   188     18.800000    100.000000     92.065683      0.000000      7.934317
   189     18.900000    100.000000     92.184698      0.000000      7.815302
   190     19.000000    100.000000     92.301927      0.000000      7.698073
   191     19.100000    100.000000     92.417399      0.000000      7.582601
   192     19.200000    100.000000     92.531138      0.000000      7.468862
   193     19.300000    100.000000     92.643171      0.000000      7.356829
   194     19.400000    100.000000     92.753523      0.000000      7.246477
   195     19.500000    100.000000     92.862220      0.000000      7.137780
   196     19.600000    100.000000     92.969287      0.000000      7.030713
   197     19.700000    100.000000     93.074747      0.000000      6.925253
   198     19.800000    100.000000     93.178626      0.000000      6.821374
   199     19.900000    100.000000     93.280947      0.000000      6.719053
   200     20.000000    100.000000     93.381733      0.000000      6.618267
   201     20.100000    100.000000     93.481007      0.000000      6.518993
   202     20.200000    100.000000     93.578792      0.000000      6.421208
   203     20.300000    100.000000     93.675110      0.000000      6.324890
   204     20.400000    100.000000     93.769983      0.000000      6.230017
   205     20.500000    100.000000     93.863433      0.000000      6.136567
   206     20.600000    100.000000     93.955482      0.000000      6.044518
   207     20.700000    100.000000     94.046150      0.000000      5.953850
   208     20.800000    100.000000     94.135457      0.000000      5.864543
   209     20.900000    100.000000     94.223425      0.000000      5.776575
   210     21.000000    100.000000     94.310074      0.000000      5.689926
   211     21.100000    100.000000     94.395423      0.000000      5.604577
   212     21.200000    100.000000     94.479492      0.000000      5.520508
   213     21.300000    100.000000     94.562299      0.000000      5.437701
   214     21.400000    100.000000     94.643865      0.000000      5.356135
   215     21.500000    100.000000     94.724207      0.000000      5.275793
   216     21.600000    100.000000     94.803344      0.000000      5.196656
   217     21.700000    100.000000     94.881294      0.000000      5.118706
   218     21.800000    100.000000     94.958074      0.000000      5.041926
   219     21.900000    100.000000     95.033703      0.000000      4.966297
   220     22.000000    100.000000     95.108198      0.000000      4.891802
   221     22.100000    100.000000     95.181575      0.000000      4.818425
   222     22.200000    100.000000     95.253851      0.000000      4.746149
   223     22.300000    100.000000     95.325043      0.000000      4.674957
   224     22.400000    100.000000     95.395168      0.000000      4.604832
   225     22.500000    100.000000     95.464240      0.000000      4.535760
   226     22.600000    100.000000     95.532276      0.000000      4.467724
   227     22.700000    100.000000     95.599292      0.000000      4.400708
   228     22.800000    100.000000     95.665303      0.000000      4.334697
   229     22.900000    100.000000     95.730323      0.000000      4.269677
   230     23.000000    100.000000     95.794368      0.000000      4.205632
   231     23.100000    100.000000     95.857453      0.000000      4.142547
   232     23.200000    100.000000     95.919591      0.000000      4.080409
   233     23.300000    100.000000     95.980797      0.000000      4.019203
   234     23.400000    100.000000     96.041085      0.000000      3.958915
   235     23.500000    100.000000     96.100469      0.000000      3.899531
   236     23.600000    100.000000     96.158962      0.000000      3.841038
   237     23.700000    100.000000     96.216578      0.000000      3.783422
   238     23.800000    100.000000     96.273329      0.000000      3.726671
   239     23.900000    100.000000     96.329229      0.000000      3.670771
   240     24.000000    100.000000     96.384291      0.000000      3.615709
   241     24.100000    100.000000     96.438526      0.000000      3.561474
   242     24.200000    100.000000     96.491948      0.000000      3.508052
   243     24.300000    100.000000     96.544569      0.000000      3.455431
   244     24.400000    100.000000     96.596401      0.000000      3.403599
   245     24.500000    100.000000     96.647455      0.000000      3.352545
   246     24.600000    100.000000     96.697743      0.000000      3.302257
   247     24.700000    100.000000     96.747277      0.000000      3.252723
   248     24.800000    100.000000     96.796067      0.000000      3.203933
   249     24.900000    100.000000     96.844126      0.000000      3.155874
   250     25.000000    100.000000     96.891465      0.000000      3.108535
   251     25.100000    100.000000     96.938093      0.000000      3.061907
   252     25.200000    100.000000     96.984021      0.000000      3.015979
   253     25.300000    100.000000     97.029261      0.000000      2.970739
   254     25.400000    100.000000     97.073822      0.000000      2.926178
   255     25.500000    100.000000     97.117715      0.000000      2.882285
   256     25.600000    100.000000     97.160949      0.000000      2.839051
   257     25.700000    100.000000     97.203535      0.000000      2.796465
   258     25.800000    100.000000     97.245482      0.000000      2.754518
   259     25.900000    100.000000     97.286799      0.000000      2.713201
   260     26.000000    100.000000     97.327497      0.000000      2.672503
   261     26.100000    100.000000     97.367585      0.000000      2.632415
   262     26.200000    100.000000     97.407071      0.000000      2.592929
   263     26.300000    100.000000     97.445965      0.000000      2.554035
   264     26.400000    100.000000     97.484276      0.000000      2.515724
   265     26.500000    100.000000     97.522011      0.000000      2.477989
   266     26.600000    100.000000     97.559181      0.000000      2.440819
   267     26.700000    100.000000     97.595794      0.000000      2.404206
   268     26.800000    100.000000     97.631857      0.000000      2.368143
   269     26.900000    100.000000     97.667379      0.000000      2.332621
   270     27.000000    100.000000     97.702368      0.000000      2.297632
   271     27.100000    100.000000     97.736833      0.000000      2.263167
   272     27.200000    100.000000     97.770780      0.000000      2.229220
   273     27.300000    100.000000     97.804218      0.000000      2.195782
   274     27.400000    100.000000     97.837155      0.000000      2.162845
   275     27.500000    100.000000     97.869598      0.000000      2.130402
   276     27.600000    100.000000     97.901554      0.000000      2.098446
   277     27.700000    100.000000     97.933031      0.000000      2.066969
   278     27.800000    100.000000     97.964035      0.000000      2.035965
   279     27.900000    100.000000     97.994575      0.000000      2.005425
   280     28.000000    100.000000     98.024656      0.000000      1.975344
   281     28.100000    100.000000     98.054286      0.000000      1.945714
   282     28.200000    100.000000     98.083472      0.000000      1.916528
   283     28.300000    100.000000     98.112220      0.000000      1.887780
   284     28.400000    100.000000     98.140536      0.000000      1.859464
   285     28.500000    100.000000     98.168428      0.000000      1.831572
   286     28.600000    100.000000     98.195902      0.000000      1.804098
   287     28.700000    100.000000     98.222963      0.000000      1.777037
   288     28.800000    100.000000     98.249619      0.000000      1.750381
   289     28.900000    100.000000     98.275875      0.000000      1.724125
   290     29.000000    100.000000     98.301737      0.000000      1.698263
   291     29.100000    100.000000     98.327211      0.000000      1.672789
   292     29.200000    100.000000     98.352302      0.000000      1.647698
   293     29.300000    100.000000     98.377018      0.000000      1.622982
   294     29.400000    100.000000     98.401363      0.000000      1.598637
   295     29.500000    100.000000     98.425342      0.000000      1.574658
   296     29.600000    100.000000     98.448962      0.000000      1.551038
   297     29.700000    100.000000     98.472228      0.000000      1.527772
   298     29.800000    100.000000     98.495144      0.000000      1.504856
   299     29.900000    100.000000     98.517717      0.000000      1.482283
   300     30.000000    100.000000     98.539951      0.000000      1.460049
