    step time center_value total_mass max_value min_value diffusion_ratio
1      0  0.0  1.000000000  1.0000000 1.0000000         0           0.016
2      1  0.2  0.888000000  1.0000000 0.8880000         0           0.016
3      2  0.4  0.791616000  1.0000000 0.7916160         0           0.016
4      3  0.6  0.708410880  1.0000000 0.7084109         0           0.016
5      4  0.8  0.636350239  1.0000000 0.6363502         0           0.016
6      5  1.0  0.573733684  1.0000000 0.5737337         0           0.016
7      6  1.2  0.519138081  1.0000000 0.5191381         0           0.016
8      7  1.4  0.471370658  1.0000000 0.4713707         0           0.016
9      8  1.6  0.429430215  1.0000000 0.4294302         0           0.016
10     9  1.8  0.392475034  1.0000000 0.3924750         0           0.016
11    10  2.0  0.359796297  1.0000000 0.3597963         0           0.016
12    11  2.2  0.330796062  1.0000000 0.3506903         0           0.016
13    12  2.4  0.304968993  1.0000000 0.3460854         0           0.016
14    13  2.6  0.281887198  1.0000000 0.3397437         0           0.016
15    14  2.8  0.261187632  1.0000000 0.3320938         0           0.016
16    15  3.0  0.242561619  1.0000000 0.3234819         0           0.016
17    16  3.2  0.225746137  1.0000000 0.3141870         0           0.016
18    17  3.4  0.210516555  1.0000000 0.3044335         0           0.016
19    18  3.6  0.196680572  1.0000000 0.2944005         0           0.016
20    19  3.8  0.184073165  1.0000000 0.2842308         0           0.016
21    20  4.0  0.172552357  1.0000000 0.2740372         0           0.016
22    21  4.2  0.161995683  1.0000000 0.2639080         0           0.016
23    22  4.4  0.152297222  1.0000000 0.2539120         0           0.016
24    23  4.6  0.143365118  1.0000000 0.2494694         0           0.016
25    24  4.8  0.135119483  1.0000000 0.2477505         0           0.016
26    25  5.0  0.127490645  1.0000000 0.2453979         0           0.016
27    26  5.2  0.120417662  1.0000000 0.2424956         0           0.016
28    27  5.4  0.113847080  1.0000000 0.2391207         0           0.016
29    28  5.6  0.107731870  1.0000000 0.2353429         0           0.016
30    29  5.8  0.102030538  1.0000000 0.2312257         0           0.016
31    30  6.0  0.096706363  1.0000000 0.2268262         0           0.016
32    31  6.2  0.091726757  1.0000000 0.2221955         0           0.016
33    32  6.4  0.087062716  1.0000000 0.2173795         0           0.016
34    33  6.6  0.082688348  1.0000000 0.2124191         0           0.016
35    34  6.8  0.078580479  1.0000000 0.2073504         0           0.016
36    35  7.0  0.074718307  1.0000000 0.2034124         0           0.016
37    36  7.2  0.071083110  1.0000000 0.2025727         0           0.016
38    37  7.4  0.067657995  1.0000000 0.2013827         0           0.016
39    38  7.6  0.064427678  1.0000000 0.1998734         0           0.016
40    39  7.8  0.061378295  1.0000000 0.1980745         0           0.016
41    40  8.0  0.058497244  1.0000000 0.1960142         0           0.016
42    41  8.2  0.055773040  1.0000000 0.1937193         0           0.016
43    42  8.4  0.053195194  1.0000000 0.1912153         0           0.016
44    43  8.6  0.050754105  1.0000000 0.1885260         0           0.016
45    44  8.8  0.048440968  1.0000000 0.1856738         0           0.016
46    45  9.0  0.046247691  1.0000000 0.1826798         0           0.016
47    46  9.2  0.044166821  1.0000000 0.1795634         0           0.016
48    47  9.4  0.042191487  1.0000000 0.1763428         0           0.016
49    48  9.6  0.040315337  1.0000000 0.1754114         0           0.016
50    49  9.8  0.038532492  1.0000000 0.1747248         0           0.016
51    50 10.0  0.036837503  1.0000000 0.1738235         0           0.016
52    51 10.2  0.035225312  1.0000000 0.1727223         0           0.016
53    52 10.4  0.033691215  1.0000000 0.1714355         0           0.016
54    53 10.6  0.032230832  1.0000000 0.1699771         0           0.016
55    54 10.8  0.030840081  1.0000000 0.1683608         0           0.016
56    55 11.0  0.029515152  1.0000000 0.1665996         0           0.016
57    56 11.2  0.028252484  1.0000000 0.1647061         0           0.016
58    57 11.4  0.027048748  1.0000000 0.1626926         0           0.016
59    58 11.6  0.025900823  1.0000000 0.1605707         0           0.016
60    59 11.8  0.024805786  1.0000000 0.1583515         0           0.016
61    60 12.0  0.023760893  1.0000000 0.1568156         0           0.016
62    61 12.2  0.022763568  1.0000000 0.1563938         0           0.016
63    62 12.4  0.021811387  1.0000000 0.1558152         0           0.016
64    63 12.6  0.020902074  1.0000000 0.1550882         0           0.016
65    64 12.8  0.020033482  1.0000000 0.1542210         0           0.016
66    65 13.0  0.019203589  1.0000000 0.1532221         0           0.016
67    66 13.2  0.018410491  1.0000000 0.1520996         0           0.016
68    67 13.4  0.017652388  1.0000000 0.1508614         0           0.016
69    68 13.6  0.016927582  1.0000000 0.1495155         0           0.016
70    69 13.8  0.016234470  1.0000000 0.1480695         0           0.016
71    70 14.0  0.015571534  1.0000000 0.1465309         0           0.016
72    71 14.2  0.014937341  1.0000000 0.1449069         0           0.016
73    72 14.4  0.014330533  1.0000000 0.1432047         0           0.016
74    73 14.6  0.013749824  1.0000000 0.1428008         0           0.016
75    74 14.8  0.013193997  1.0000000 0.1424147         0           0.016
76    75 15.0  0.012661898  1.0000000 0.1419129         0           0.016
77    76 15.2  0.012152432  1.0000000 0.1413007         0           0.016
78    77 15.4  0.011664560  1.0000000 0.1405835         0           0.016
79    78 15.6  0.011197298  1.0000000 0.1397665         0           0.016
80    79 15.8  0.010749710  1.0000000 0.1388549         0           0.016
81    80 16.0  0.010320906  1.0000000 0.1378541         0           0.016
82    81 16.2  0.009910043  1.0000000 0.1367693         0           0.016
83    82 16.4  0.009516318  1.0000000 0.1356054         0           0.016
84    83 16.6  0.009138966  1.0000000 0.1343675         0           0.016
85    84 16.8  0.008777263  1.0000000 0.1330605         0           0.016
86    85 17.0  0.008430517  1.0000000 0.1322031         0           0.016
87    86 17.2  0.008098070  1.0000000 0.1319413         0           0.016
88    87 17.4  0.007779296  1.0000000 0.1315861         0           0.016
89    88 17.6  0.007473599  1.0000000 0.1311410         0           0.016
90    89 17.8  0.007180410  1.0000000 0.1306098         0           0.016
91    90 18.0  0.006899189  1.0000000 0.1299961         0           0.016
92    91 18.2  0.006629418  1.0000000 0.1293034         0           0.016
93    92 18.4  0.006370606  1.0000000 0.1285355         0           0.016
94    93 18.6  0.006122283  1.0000000 0.1276961         0           0.016
95    94 18.8  0.005884002  1.0000000 0.1267887         0           0.016
96    95 19.0  0.005655335  1.0000000 0.1258169         0           0.016
97    96 19.2  0.005435874  1.0000000 0.1247844         0           0.016
98    97 19.4  0.005225231  1.0000000 0.1236945         0           0.016
99    98 19.6  0.005023034  1.0000000 0.1234635         0           0.016
100   99 19.8  0.004828927  1.0000000 0.1232090         0           0.016
101  100 20.0  0.004642572  1.0000000 0.1228797         0           0.016
102  101 20.2  0.004463646  1.0000000 0.1224782         0           0.016
103  102 20.4  0.004291837  1.0000000 0.1220069         0           0.016
104  103 20.6  0.004126851  1.0000000 0.1214686         0           0.016
105  104 20.8  0.003968406  1.0000000 0.1208660         0           0.016
106  105 21.0  0.003816229  1.0000000 0.1202016         0           0.016
107  106 21.2  0.003670064  1.0000000 0.1194782         0           0.016
108  107 21.4  0.003529663  1.0000000 0.1186985         0           0.016
109  108 21.6  0.003394789  1.0000000 0.1178651         0           0.016
110  109 21.8  0.003265216  1.0000000 0.1169806         0           0.016
111  110 22.0  0.003140728  1.0000000 0.1164178         0           0.016
112  111 22.2  0.003021117  1.0000000 0.1162357         0           0.016
113  112 22.4  0.002906186  0.9999999 0.1159899         0           0.016
114  113 22.6  0.002795744  0.9999999 0.1156824         0           0.016
115  114 22.8  0.002689610  0.9999999 0.1153152         0           0.016
116  115 23.0  0.002587609  0.9999999 0.1148901         0           0.016
117  116 23.2  0.002489575  0.9999999 0.1144092         0           0.016
118  117 23.4  0.002395349  0.9999998 0.1138745         0           0.016
119  118 23.6  0.002304777  0.9999998 0.1132880         0           0.016
120  119 23.8  0.002217714  0.9999998 0.1126517         0           0.016
121  120 24.0  0.002134018  0.9999997 0.1119678         0           0.016
    transport_ratio
1              0.08
2              0.08
3              0.08
4              0.08
5              0.08
6              0.08
7              0.08
8              0.08
9              0.08
10             0.08
11             0.08
12             0.08
13             0.08
14             0.08
15             0.08
16             0.08
17             0.08
18             0.08
19             0.08
20             0.08
21             0.08
22             0.08
23             0.08
24             0.08
25             0.08
26             0.08
27             0.08
28             0.08
29             0.08
30             0.08
31             0.08
32             0.08
33             0.08
34             0.08
35             0.08
36             0.08
37             0.08
38             0.08
39             0.08
40             0.08
41             0.08
42             0.08
43             0.08
44             0.08
45             0.08
46             0.08
47             0.08
48             0.08
49             0.08
50             0.08
51             0.08
52             0.08
53             0.08
54             0.08
55             0.08
56             0.08
57             0.08
58             0.08
59             0.08
60             0.08
61             0.08
62             0.08
63             0.08
64             0.08
65             0.08
66             0.08
67             0.08
68             0.08
69             0.08
70             0.08
71             0.08
72             0.08
73             0.08
74             0.08
75             0.08
76             0.08
77             0.08
78             0.08
79             0.08
80             0.08
81             0.08
82             0.08
83             0.08
84             0.08
85             0.08
86             0.08
87             0.08
88             0.08
89             0.08
90             0.08
91             0.08
92             0.08
93             0.08
94             0.08
95             0.08
96             0.08
97             0.08
98             0.08
99             0.08
100            0.08
101            0.08
102            0.08
103            0.08
104            0.08
105            0.08
106            0.08
107            0.08
108            0.08
109            0.08
110            0.08
111            0.08
112            0.08
113            0.08
114            0.08
115            0.08
116            0.08
117            0.08
118            0.08
119            0.08
120            0.08
121            0.08
