method x0 h estimate exact absolute_error elasticity
average_rate_right   5.0000   1.0000     0.60183509     0.54365637     0.05817873     1.10701379
forward_difference   5.0000   1.0000     0.60183509     0.54365637     0.05817873     1.10701379
backward_difference   5.0000   1.0000     0.49274090     0.54365637     0.05091547     0.90634623
central_difference   5.0000   1.0000     0.54728800     0.54365637     0.00363163     1.00668001
average_rate_right   5.0000   0.5000     0.57176839     0.54365637     0.02811203     1.05170918
forward_difference   5.0000   0.5000     0.57176839     0.54365637     0.02811203     1.05170918
backward_difference   5.0000   0.5000     0.51735743     0.54365637     0.02629893     0.95162582
central_difference   5.0000   0.5000     0.54456291     0.54365637     0.00090655     1.00166750
average_rate_right   5.0000   0.2500     0.55747716     0.54365637     0.01382079     1.02542193
forward_difference   5.0000   0.2500     0.55747716     0.54365637     0.01382079     1.02542193
backward_difference   5.0000   0.2500     0.53028868     0.54365637     0.01336769     0.97541151
central_difference   5.0000   0.2500     0.54388292     0.54365637     0.00022655     1.00041672
average_rate_right   5.0000   0.1250     0.55050906     0.54365637     0.00685269     1.01260482
forward_difference   5.0000   0.1250     0.55050906     0.54365637     0.00685269     1.01260482
backward_difference   5.0000   0.1250     0.53691694     0.54365637     0.00673943     0.98760352
central_difference   5.0000   0.1250     0.54371300     0.54365637     0.00005663     1.00010417
average_rate_right   5.0000   0.0625     0.54706842     0.54365637     0.00341205     1.00627612
forward_difference   5.0000   0.0625     0.54706842     0.54365637     0.00341205     1.00627612
backward_difference   5.0000   0.0625     0.54027263     0.54365637     0.00338374     0.99377596
central_difference   5.0000   0.0625     0.54367052     0.54365637     0.00001416     1.00002604
