    step time baseline_state forced_state shock_value absolute_deviation
1      0  0.0            100    100.00000           0           0.000000
2      1  0.1            100    100.00000           0           0.000000
3      2  0.2            100    100.00000           0           0.000000
4      3  0.3            100    100.00000           0           0.000000
5      4  0.4            100    100.00000           0           0.000000
6      5  0.5            100    100.00000           0           0.000000
7      6  0.6            100    100.00000           0           0.000000
8      7  0.7            100    100.00000           0           0.000000
9      8  0.8            100    100.00000           0           0.000000
10     9  0.9            100    100.00000           0           0.000000
11    10  1.0            100    100.00000           0           0.000000
12    11  1.1            100    100.00000           0           0.000000
13    12  1.2            100    100.00000           0           0.000000
14    13  1.3            100    100.00000           0           0.000000
15    14  1.4            100    100.00000           0           0.000000
16    15  1.5            100    100.00000           0           0.000000
17    16  1.6            100    100.00000           0           0.000000
18    17  1.7            100    100.00000           0           0.000000
19    18  1.8            100    100.00000           0           0.000000
20    19  1.9            100    100.00000           0           0.000000
21    20  2.0            100    100.00000           0           0.000000
22    21  2.1            100    100.00000           0           0.000000
23    22  2.2            100    100.00000           0           0.000000
24    23  2.3            100    100.00000           0           0.000000
25    24  2.4            100    100.00000           0           0.000000
26    25  2.5            100    100.00000           0           0.000000
27    26  2.6            100    100.00000           0           0.000000
28    27  2.7            100    100.00000           0           0.000000
29    28  2.8            100    100.00000           0           0.000000
30    29  2.9            100    100.00000           0           0.000000
31    30  3.0            100    100.00000           0           0.000000
32    31  3.1            100    100.00000           0           0.000000
33    32  3.2            100    100.00000           0           0.000000
34    33  3.3            100    100.00000           0           0.000000
35    34  3.4            100    100.00000           0           0.000000
36    35  3.5            100    100.00000           0           0.000000
37    36  3.6            100    100.00000           0           0.000000
38    37  3.7            100    100.00000           0           0.000000
39    38  3.8            100    100.00000           0           0.000000
40    39  3.9            100    100.00000           0           0.000000
41    40  4.0            100    100.00000           0           0.000000
42    41  4.1            100    100.00000           0           0.000000
43    42  4.2            100    100.00000           0           0.000000
44    43  4.3            100    100.00000           0           0.000000
45    44  4.4            100    100.00000           0           0.000000
46    45  4.5            100    100.00000           0           0.000000
47    46  4.6            100    100.00000           0           0.000000
48    47  4.7            100    100.00000           0           0.000000
49    48  4.8            100    100.00000           0           0.000000
50    49  4.9            100    100.00000           0           0.000000
51    50  5.0            100    100.00000           0           0.000000
52    51  5.1            100    100.00000           0           0.000000
53    52  5.2            100    100.00000           0           0.000000
54    53  5.3            100    100.00000           0           0.000000
55    54  5.4            100    100.00000           0           0.000000
56    55  5.5            100    100.00000           0           0.000000
57    56  5.6            100    100.00000           0           0.000000
58    57  5.7            100    100.00000           0           0.000000
59    58  5.8            100    100.00000           0           0.000000
60    59  5.9            100    100.00000           0           0.000000
61    60  6.0            100    100.00000           0           0.000000
62    61  6.1            100    100.00000           0           0.000000
63    62  6.2            100    100.00000           0           0.000000
64    63  6.3            100    100.00000           0           0.000000
65    64  6.4            100    100.00000           0           0.000000
66    65  6.5            100    100.00000           0           0.000000
67    66  6.6            100    100.00000           0           0.000000
68    67  6.7            100    100.00000           0           0.000000
69    68  6.8            100    100.00000           0           0.000000
70    69  6.9            100    100.00000           0           0.000000
71    70  7.0            100    100.00000           0           0.000000
72    71  7.1            100    100.00000           0           0.000000
73    72  7.2            100    100.00000           0           0.000000
74    73  7.3            100    100.00000           0           0.000000
75    74  7.4            100    100.00000           0           0.000000
76    75  7.5            100    100.00000           0           0.000000
77    76  7.6            100    100.00000           0           0.000000
78    77  7.7            100    100.00000           0           0.000000
79    78  7.8            100    100.00000           0           0.000000
80    79  7.9            100    100.00000           0           0.000000
81    80  8.0            100    100.00000           0           0.000000
82    81  8.1            100    100.00000           0           0.000000
83    82  8.2            100    100.00000           0           0.000000
84    83  8.3            100    100.00000           0           0.000000
85    84  8.4            100    100.00000           0           0.000000
86    85  8.5            100    100.00000           0           0.000000
87    86  8.6            100    100.00000           0           0.000000
88    87  8.7            100    100.00000           0           0.000000
89    88  8.8            100    100.00000           0           0.000000
90    89  8.9            100    100.00000           0           0.000000
91    90  9.0            100    100.00000           0           0.000000
92    91  9.1            100    100.00000           0           0.000000
93    92  9.2            100    100.00000           0           0.000000
94    93  9.3            100    100.00000           0           0.000000
95    94  9.4            100    100.00000           0           0.000000
96    95  9.5            100    100.00000           0           0.000000
97    96  9.6            100    100.00000           0           0.000000
98    97  9.7            100    100.00000           0           0.000000
99    98  9.8            100    100.00000           0           0.000000
100   99  9.9            100    100.00000           0           0.000000
101  100 10.0            100    100.00000         -30           0.000000
102  101 10.1            100     70.45000           0          29.550000
103  102 10.2            100     70.89325           0          29.106750
104  103 10.3            100     71.32985           0          28.670149
105  104 10.4            100     71.75990           0          28.240097
106  105 10.5            100     72.18350           0          27.816495
107  106 10.6            100     72.60075           0          27.399248
108  107 10.7            100     73.01174           0          26.988259
109  108 10.8            100     73.41656           0          26.583435
110  109 10.9            100     73.81532           0          26.184684
111  110 11.0            100     74.20809           0          25.791913
112  111 11.1            100     74.59497           0          25.405035
113  112 11.2            100     74.97604           0          25.023959
114  113 11.3            100     75.35140           0          24.648600
115  114 11.4            100     75.72113           0          24.278871
116  115 11.5            100     76.08531           0          23.914688
117  116 11.6            100     76.44403           0          23.555967
118  117 11.7            100     76.79737           0          23.202628
119  118 11.8            100     77.14541           0          22.854588
120  119 11.9            100     77.48823           0          22.511770
121  120 12.0            100     77.82591           0          22.174093
122  121 12.1            100     78.15852           0          21.841482
123  122 12.2            100     78.48614           0          21.513859
124  123 12.3            100     78.80885           0          21.191151
125  124 12.4            100     79.12672           0          20.873284
126  125 12.5            100     79.43982           0          20.560185
127  126 12.6            100     79.74822           0          20.251782
128  127 12.7            100     80.05199           0          19.948005
129  128 12.8            100     80.35121           0          19.648785
130  129 12.9            100     80.64595           0          19.354054
131  130 13.0            100     80.93626           0          19.063743
132  131 13.1            100     81.22221           0          18.777787
133  132 13.2            100     81.50388           0          18.496120
134  133 13.3            100     81.78132           0          18.218678
135  134 13.4            100     82.05460           0          17.945398
136  135 13.5            100     82.32378           0          17.676217
137  136 13.6            100     82.58893           0          17.411074
138  137 13.7            100     82.85009           0          17.149908
139  138 13.8            100     83.10734           0          16.892659
140  139 13.9            100     83.36073           0          16.639269
141  140 14.0            100     83.61032           0          16.389680
142  141 14.1            100     83.85617           0          16.143835
143  142 14.2            100     84.09832           0          15.901677
144  143 14.3            100     84.33685           0          15.663152
145  144 14.4            100     84.57180           0          15.428205
146  145 14.5            100     84.80322           0          15.196782
147  146 14.6            100     85.03117           0          14.968830
148  147 14.7            100     85.25570           0          14.744298
149  148 14.8            100     85.47687           0          14.523133
150  149 14.9            100     85.69471           0          14.305286
151  150 15.0            100     85.90929           0          14.090707
152  151 15.1            100     86.12065           0          13.879346
153  152 15.2            100     86.32884           0          13.671156
154  153 15.3            100     86.53391           0          13.466089
155  154 15.4            100     86.73590           0          13.264097
156  155 15.5            100     86.93486           0          13.065136
157  156 15.6            100     87.13084           0          12.869159
158  157 15.7            100     87.32388           0          12.676121
159  158 15.8            100     87.51402           0          12.485980
160  159 15.9            100     87.70131           0          12.298690
161  160 16.0            100     87.88579           0          12.114210
162  161 16.1            100     88.06750           0          11.932496
163  162 16.2            100     88.24649           0          11.753509
164  163 16.3            100     88.42279           0          11.577206
165  164 16.4            100     88.59645           0          11.403548
166  165 16.5            100     88.76750           0          11.232495
167  166 16.6            100     88.93599           0          11.064008
168  167 16.7            100     89.10195           0          10.898048
169  168 16.8            100     89.26542           0          10.734577
170  169 16.9            100     89.42644           0          10.573558
171  170 17.0            100     89.58505           0          10.414955
172  171 17.1            100     89.74127           0          10.258730
173  172 17.2            100     89.89515           0          10.104850
174  173 17.3            100     90.04672           0           9.953277
175  174 17.4            100     90.19602           0           9.803978
176  175 17.5            100     90.34308           0           9.656918
177  176 17.6            100     90.48794           0           9.512064
178  177 17.7            100     90.63062           0           9.369383
179  178 17.8            100     90.77116           0           9.228842
180  179 17.9            100     90.90959           0           9.090410
181  180 18.0            100     91.04595           0           8.954054
182  181 18.1            100     91.18026           0           8.819743
183  182 18.2            100     91.31255           0           8.687447
184  183 18.3            100     91.44286           0           8.557135
185  184 18.4            100     91.57122           0           8.428778
186  185 18.5            100     91.69765           0           8.302346
187  186 18.6            100     91.82219           0           8.177811
188  187 18.7            100     91.94486           0           8.055144
189  188 18.8            100     92.06568           0           7.934317
190  189 18.9            100     92.18470           0           7.815302
191  190 19.0            100     92.30193           0           7.698073
192  191 19.1            100     92.41740           0           7.582601
193  192 19.2            100     92.53114           0           7.468862
194  193 19.3            100     92.64317           0           7.356829
195  194 19.4            100     92.75352           0           7.246477
196  195 19.5            100     92.86222           0           7.137780
197  196 19.6            100     92.96929           0           7.030713
198  197 19.7            100     93.07475           0           6.925253
199  198 19.8            100     93.17863           0           6.821374
200  199 19.9            100     93.28095           0           6.719053
201  200 20.0            100     93.38173           0           6.618267
202  201 20.1            100     93.48101           0           6.518993
203  202 20.2            100     93.57879           0           6.421208
204  203 20.3            100     93.67511           0           6.324890
205  204 20.4            100     93.76998           0           6.230017
206  205 20.5            100     93.86343           0           6.136567
207  206 20.6            100     93.95548           0           6.044518
208  207 20.7            100     94.04615           0           5.953850
209  208 20.8            100     94.13546           0           5.864543
210  209 20.9            100     94.22343           0           5.776575
211  210 21.0            100     94.31007           0           5.689926
212  211 21.1            100     94.39542           0           5.604577
213  212 21.2            100     94.47949           0           5.520508
214  213 21.3            100     94.56230           0           5.437701
215  214 21.4            100     94.64386           0           5.356135
216  215 21.5            100     94.72421           0           5.275793
217  216 21.6            100     94.80334           0           5.196656
218  217 21.7            100     94.88129           0           5.118706
219  218 21.8            100     94.95807           0           5.041926
220  219 21.9            100     95.03370           0           4.966297
221  220 22.0            100     95.10820           0           4.891802
222  221 22.1            100     95.18157           0           4.818425
223  222 22.2            100     95.25385           0           4.746149
224  223 22.3            100     95.32504           0           4.674957
225  224 22.4            100     95.39517           0           4.604832
226  225 22.5            100     95.46424           0           4.535760
227  226 22.6            100     95.53228           0           4.467724
228  227 22.7            100     95.59929           0           4.400708
229  228 22.8            100     95.66530           0           4.334697
230  229 22.9            100     95.73032           0           4.269677
231  230 23.0            100     95.79437           0           4.205632
232  231 23.1            100     95.85745           0           4.142547
233  232 23.2            100     95.91959           0           4.080409
234  233 23.3            100     95.98080           0           4.019203
235  234 23.4            100     96.04109           0           3.958915
236  235 23.5            100     96.10047           0           3.899531
237  236 23.6            100     96.15896           0           3.841038
238  237 23.7            100     96.21658           0           3.783422
239  238 23.8            100     96.27333           0           3.726671
240  239 23.9            100     96.32923           0           3.670771
241  240 24.0            100     96.38429           0           3.615709
242  241 24.1            100     96.43853           0           3.561474
243  242 24.2            100     96.49195           0           3.508052
244  243 24.3            100     96.54457           0           3.455431
245  244 24.4            100     96.59640           0           3.403599
246  245 24.5            100     96.64745           0           3.352545
247  246 24.6            100     96.69774           0           3.302257
248  247 24.7            100     96.74728           0           3.252723
249  248 24.8            100     96.79607           0           3.203933
250  249 24.9            100     96.84413           0           3.155874
251  250 25.0            100     96.89146           0           3.108535
252  251 25.1            100     96.93809           0           3.061907
253  252 25.2            100     96.98402           0           3.015979
254  253 25.3            100     97.02926           0           2.970739
255  254 25.4            100     97.07382           0           2.926178
256  255 25.5            100     97.11771           0           2.882285
257  256 25.6            100     97.16095           0           2.839051
258  257 25.7            100     97.20353           0           2.796465
259  258 25.8            100     97.24548           0           2.754518
260  259 25.9            100     97.28680           0           2.713201
261  260 26.0            100     97.32750           0           2.672503
262  261 26.1            100     97.36758           0           2.632415
263  262 26.2            100     97.40707           0           2.592929
264  263 26.3            100     97.44597           0           2.554035
265  264 26.4            100     97.48428           0           2.515724
266  265 26.5            100     97.52201           0           2.477989
267  266 26.6            100     97.55918           0           2.440819
268  267 26.7            100     97.59579           0           2.404206
269  268 26.8            100     97.63186           0           2.368143
270  269 26.9            100     97.66738           0           2.332621
271  270 27.0            100     97.70237           0           2.297632
272  271 27.1            100     97.73683           0           2.263167
273  272 27.2            100     97.77078           0           2.229220
274  273 27.3            100     97.80422           0           2.195782
275  274 27.4            100     97.83716           0           2.162845
276  275 27.5            100     97.86960           0           2.130402
277  276 27.6            100     97.90155           0           2.098446
278  277 27.7            100     97.93303           0           2.066969
279  278 27.8            100     97.96404           0           2.035965
280  279 27.9            100     97.99457           0           2.005425
281  280 28.0            100     98.02466           0           1.975344
282  281 28.1            100     98.05429           0           1.945714
283  282 28.2            100     98.08347           0           1.916528
284  283 28.3            100     98.11222           0           1.887780
285  284 28.4            100     98.14054           0           1.859464
286  285 28.5            100     98.16843           0           1.831572
287  286 28.6            100     98.19590           0           1.804098
288  287 28.7            100     98.22296           0           1.777037
289  288 28.8            100     98.24962           0           1.750381
290  289 28.9            100     98.27587           0           1.724125
291  290 29.0            100     98.30174           0           1.698263
292  291 29.1            100     98.32721           0           1.672789
293  292 29.2            100     98.35230           0           1.647698
294  293 29.3            100     98.37702           0           1.622982
295  294 29.4            100     98.40136           0           1.598637
296  295 29.5            100     98.42534           0           1.574658
297  296 29.6            100     98.44896           0           1.551038
298  297 29.7            100     98.47223           0           1.527772
299  298 29.8            100     98.49514           0           1.504856
300  299 29.9            100     98.51772           0           1.482283
301  300 30.0            100     98.53995           0           1.460049
