step time current_state delayed_state derivative_value target absolute_gap
     0      0.000000     80.000000     80.000000      4.000000    100.000000     20.000000
     1      0.100000     80.400000     80.000000      4.000000    100.000000     19.600000
     2      0.200000     80.800000     80.000000      4.000000    100.000000     19.200000
     3      0.300000     81.200000     80.000000      4.000000    100.000000     18.800000
     4      0.400000     81.600000     80.000000      4.000000    100.000000     18.400000
     5      0.500000     82.000000     80.000000      4.000000    100.000000     18.000000
     6      0.600000     82.400000     80.000000      4.000000    100.000000     17.600000
     7      0.700000     82.800000     80.000000      4.000000    100.000000     17.200000
     8      0.800000     83.200000     80.000000      4.000000    100.000000     16.800000
     9      0.900000     83.600000     80.000000      4.000000    100.000000     16.400000
    10      1.000000     84.000000     80.000000      4.000000    100.000000     16.000000
    11      1.100000     84.400000     80.000000      4.000000    100.000000     15.600000
    12      1.200000     84.800000     80.000000      4.000000    100.000000     15.200000
    13      1.300000     85.200000     80.000000      4.000000    100.000000     14.800000
    14      1.400000     85.600000     80.000000      4.000000    100.000000     14.400000
    15      1.500000     86.000000     80.000000      4.000000    100.000000     14.000000
    16      1.600000     86.400000     80.000000      4.000000    100.000000     13.600000
    17      1.700000     86.800000     80.000000      4.000000    100.000000     13.200000
    18      1.800000     87.200000     80.000000      4.000000    100.000000     12.800000
    19      1.900000     87.600000     80.000000      4.000000    100.000000     12.400000
    20      2.000000     88.000000     80.000000      4.000000    100.000000     12.000000
    21      2.100000     88.400000     80.000000      4.000000    100.000000     11.600000
    22      2.200000     88.800000     80.000000      4.000000    100.000000     11.200000
    23      2.300000     89.200000     80.000000      4.000000    100.000000     10.800000
    24      2.400000     89.600000     80.000000      4.000000    100.000000     10.400000
    25      2.500000     90.000000     80.000000      4.000000    100.000000     10.000000
    26      2.600000     90.400000     80.000000      4.000000    100.000000      9.600000
    27      2.700000     90.800000     80.000000      4.000000    100.000000      9.200000
    28      2.800000     91.200000     80.000000      4.000000    100.000000      8.800000
    29      2.900000     91.600000     80.000000      4.000000    100.000000      8.400000
    30      3.000000     92.000000     80.000000      4.000000    100.000000      8.000000
    31      3.100000     92.400000     80.000000      4.000000    100.000000      7.600000
    32      3.200000     92.800000     80.000000      4.000000    100.000000      7.200000
    33      3.300000     93.200000     80.000000      4.000000    100.000000      6.800000
    34      3.400000     93.600000     80.000000      4.000000    100.000000      6.400000
    35      3.500000     94.000000     80.000000      4.000000    100.000000      6.000000
    36      3.600000     94.400000     80.000000      4.000000    100.000000      5.600000
    37      3.700000     94.800000     80.000000      4.000000    100.000000      5.200000
    38      3.800000     95.200000     80.000000      4.000000    100.000000      4.800000
    39      3.900000     95.600000     80.000000      4.000000    100.000000      4.400000
    40      4.000000     96.000000     80.000000      4.000000    100.000000      4.000000
    41      4.100000     96.400000     80.000000      4.000000    100.000000      3.600000
    42      4.200000     96.800000     80.000000      4.000000    100.000000      3.200000
    43      4.300000     97.200000     80.000000      4.000000    100.000000      2.800000
    44      4.400000     97.600000     80.000000      4.000000    100.000000      2.400000
    45      4.500000     98.000000     80.000000      4.000000    100.000000      2.000000
    46      4.600000     98.400000     80.000000      4.000000    100.000000      1.600000
    47      4.700000     98.800000     80.000000      4.000000    100.000000      1.200000
    48      4.800000     99.200000     80.000000      4.000000    100.000000      0.800000
    49      4.900000     99.600000     80.000000      4.000000    100.000000      0.400000
    50      5.000000    100.000000     80.000000      4.000000    100.000000      0.000000
    51      5.100000    100.400000     80.400000      3.920000    100.000000      0.400000
    52      5.200000    100.792000     80.800000      3.840000    100.000000      0.792000
    53      5.300000    101.176000     81.200000      3.760000    100.000000      1.176000
    54      5.400000    101.552000     81.600000      3.680000    100.000000      1.552000
    55      5.500000    101.920000     82.000000      3.600000    100.000000      1.920000
    56      5.600000    102.280000     82.400000      3.520000    100.000000      2.280000
    57      5.700000    102.632000     82.800000      3.440000    100.000000      2.632000
    58      5.800000    102.976000     83.200000      3.360000    100.000000      2.976000
    59      5.900000    103.312000     83.600000      3.280000    100.000000      3.312000
    60      6.000000    103.640000     84.000000      3.200000    100.000000      3.640000
    61      6.100000    103.960000     84.400000      3.120000    100.000000      3.960000
    62      6.200000    104.272000     84.800000      3.040000    100.000000      4.272000
    63      6.300000    104.576000     85.200000      2.960000    100.000000      4.576000
    64      6.400000    104.872000     85.600000      2.880000    100.000000      4.872000
    65      6.500000    105.160000     86.000000      2.800000    100.000000      5.160000
    66      6.600000    105.440000     86.400000      2.720000    100.000000      5.440000
    67      6.700000    105.712000     86.800000      2.640000    100.000000      5.712000
    68      6.800000    105.976000     87.200000      2.560000    100.000000      5.976000
    69      6.900000    106.232000     87.600000      2.480000    100.000000      6.232000
    70      7.000000    106.480000     88.000000      2.400000    100.000000      6.480000
    71      7.100000    106.720000     88.400000      2.320000    100.000000      6.720000
    72      7.200000    106.952000     88.800000      2.240000    100.000000      6.952000
    73      7.300000    107.176000     89.200000      2.160000    100.000000      7.176000
    74      7.400000    107.392000     89.600000      2.080000    100.000000      7.392000
    75      7.500000    107.600000     90.000000      2.000000    100.000000      7.600000
    76      7.600000    107.800000     90.400000      1.920000    100.000000      7.800000
    77      7.700000    107.992000     90.800000      1.840000    100.000000      7.992000
    78      7.800000    108.176000     91.200000      1.760000    100.000000      8.176000
    79      7.900000    108.352000     91.600000      1.680000    100.000000      8.352000
    80      8.000000    108.520000     92.000000      1.600000    100.000000      8.520000
    81      8.100000    108.680000     92.400000      1.520000    100.000000      8.680000
    82      8.200000    108.832000     92.800000      1.440000    100.000000      8.832000
    83      8.300000    108.976000     93.200000      1.360000    100.000000      8.976000
    84      8.400000    109.112000     93.600000      1.280000    100.000000      9.112000
    85      8.500000    109.240000     94.000000      1.200000    100.000000      9.240000
    86      8.600000    109.360000     94.400000      1.120000    100.000000      9.360000
    87      8.700000    109.472000     94.800000      1.040000    100.000000      9.472000
    88      8.800000    109.576000     95.200000      0.960000    100.000000      9.576000
    89      8.900000    109.672000     95.600000      0.880000    100.000000      9.672000
    90      9.000000    109.760000     96.000000      0.800000    100.000000      9.760000
    91      9.100000    109.840000     96.400000      0.720000    100.000000      9.840000
    92      9.200000    109.912000     96.800000      0.640000    100.000000      9.912000
    93      9.300000    109.976000     97.200000      0.560000    100.000000      9.976000
    94      9.400000    110.032000     97.600000      0.480000    100.000000     10.032000
    95      9.500000    110.080000     98.000000      0.400000    100.000000     10.080000
    96      9.600000    110.120000     98.400000      0.320000    100.000000     10.120000
    97      9.700000    110.152000     98.800000      0.240000    100.000000     10.152000
    98      9.800000    110.176000     99.200000      0.160000    100.000000     10.176000
    99      9.900000    110.192000     99.600000      0.080000    100.000000     10.192000
   100     10.000000    110.200000    100.000000     -0.000000    100.000000     10.200000
   101     10.100000    110.200000    100.400000     -0.080000    100.000000     10.200000
   102     10.200000    110.192000    100.792000     -0.158400    100.000000     10.192000
   103     10.300000    110.176160    101.176000     -0.235200    100.000000     10.176160
   104     10.400000    110.152640    101.552000     -0.310400    100.000000     10.152640
   105     10.500000    110.121600    101.920000     -0.384000    100.000000     10.121600
   106     10.600000    110.083200    102.280000     -0.456000    100.000000     10.083200
   107     10.700000    110.037600    102.632000     -0.526400    100.000000     10.037600
   108     10.800000    109.984960    102.976000     -0.595200    100.000000      9.984960
   109     10.900000    109.925440    103.312000     -0.662400    100.000000      9.925440
   110     11.000000    109.859200    103.640000     -0.728000    100.000000      9.859200
   111     11.100000    109.786400    103.960000     -0.792000    100.000000      9.786400
   112     11.200000    109.707200    104.272000     -0.854400    100.000000      9.707200
   113     11.300000    109.621760    104.576000     -0.915200    100.000000      9.621760
   114     11.400000    109.530240    104.872000     -0.974400    100.000000      9.530240
   115     11.500000    109.432800    105.160000     -1.032000    100.000000      9.432800
   116     11.600000    109.329600    105.440000     -1.088000    100.000000      9.329600
   117     11.700000    109.220800    105.712000     -1.142400    100.000000      9.220800
   118     11.800000    109.106560    105.976000     -1.195200    100.000000      9.106560
   119     11.900000    108.987040    106.232000     -1.246400    100.000000      8.987040
   120     12.000000    108.862400    106.480000     -1.296000    100.000000      8.862400
   121     12.100000    108.732800    106.720000     -1.344000    100.000000      8.732800
   122     12.200000    108.598400    106.952000     -1.390400    100.000000      8.598400
   123     12.300000    108.459360    107.176000     -1.435200    100.000000      8.459360
   124     12.400000    108.315840    107.392000     -1.478400    100.000000      8.315840
   125     12.500000    108.168000    107.600000     -1.520000    100.000000      8.168000
   126     12.600000    108.016000    107.800000     -1.560000    100.000000      8.016000
   127     12.700000    107.860000    107.992000     -1.598400    100.000000      7.860000
   128     12.800000    107.700160    108.176000     -1.635200    100.000000      7.700160
   129     12.900000    107.536640    108.352000     -1.670400    100.000000      7.536640
   130     13.000000    107.369600    108.520000     -1.704000    100.000000      7.369600
   131     13.100000    107.199200    108.680000     -1.736000    100.000000      7.199200
   132     13.200000    107.025600    108.832000     -1.766400    100.000000      7.025600
   133     13.300000    106.848960    108.976000     -1.795200    100.000000      6.848960
   134     13.400000    106.669440    109.112000     -1.822400    100.000000      6.669440
   135     13.500000    106.487200    109.240000     -1.848000    100.000000      6.487200
   136     13.600000    106.302400    109.360000     -1.872000    100.000000      6.302400
   137     13.700000    106.115200    109.472000     -1.894400    100.000000      6.115200
   138     13.800000    105.925760    109.576000     -1.915200    100.000000      5.925760
   139     13.900000    105.734240    109.672000     -1.934400    100.000000      5.734240
   140     14.000000    105.540800    109.760000     -1.952000    100.000000      5.540800
   141     14.100000    105.345600    109.840000     -1.968000    100.000000      5.345600
   142     14.200000    105.148800    109.912000     -1.982400    100.000000      5.148800
   143     14.300000    104.950560    109.976000     -1.995200    100.000000      4.950560
   144     14.400000    104.751040    110.032000     -2.006400    100.000000      4.751040
   145     14.500000    104.550400    110.080000     -2.016000    100.000000      4.550400
   146     14.600000    104.348800    110.120000     -2.024000    100.000000      4.348800
   147     14.700000    104.146400    110.152000     -2.030400    100.000000      4.146400
   148     14.800000    103.943360    110.176000     -2.035200    100.000000      3.943360
   149     14.900000    103.739840    110.192000     -2.038400    100.000000      3.739840
   150     15.000000    103.536000    110.200000     -2.040000    100.000000      3.536000
   151     15.100000    103.332000    110.200000     -2.040000    100.000000      3.332000
   152     15.200000    103.128000    110.192000     -2.038400    100.000000      3.128000
   153     15.300000    102.924160    110.176160     -2.035232    100.000000      2.924160
   154     15.400000    102.720637    110.152640     -2.030528    100.000000      2.720637
   155     15.500000    102.517584    110.121600     -2.024320    100.000000      2.517584
   156     15.600000    102.315152    110.083200     -2.016640    100.000000      2.315152
   157     15.700000    102.113488    110.037600     -2.007520    100.000000      2.113488
   158     15.800000    101.912736    109.984960     -1.996992    100.000000      1.912736
   159     15.900000    101.713037    109.925440     -1.985088    100.000000      1.713037
   160     16.000000    101.514528    109.859200     -1.971840    100.000000      1.514528
   161     16.100000    101.317344    109.786400     -1.957280    100.000000      1.317344
   162     16.200000    101.121616    109.707200     -1.941440    100.000000      1.121616
   163     16.300000    100.927472    109.621760     -1.924352    100.000000      0.927472
   164     16.400000    100.735037    109.530240     -1.906048    100.000000      0.735037
   165     16.500000    100.544432    109.432800     -1.886560    100.000000      0.544432
   166     16.600000    100.355776    109.329600     -1.865920    100.000000      0.355776
   167     16.700000    100.169184    109.220800     -1.844160    100.000000      0.169184
   168     16.800000     99.984768    109.106560     -1.821312    100.000000      0.015232
   169     16.900000     99.802637    108.987040     -1.797408    100.000000      0.197363
   170     17.000000     99.622896    108.862400     -1.772480    100.000000      0.377104
   171     17.100000     99.445648    108.732800     -1.746560    100.000000      0.554352
   172     17.200000     99.270992    108.598400     -1.719680    100.000000      0.729008
   173     17.300000     99.099024    108.459360     -1.691872    100.000000      0.900976
   174     17.400000     98.929837    108.315840     -1.663168    100.000000      1.070163
   175     17.500000     98.763520    108.168000     -1.633600    100.000000      1.236480
   176     17.600000     98.600160    108.016000     -1.603200    100.000000      1.399840
   177     17.700000     98.439840    107.860000     -1.572000    100.000000      1.560160
   178     17.800000     98.282640    107.700160     -1.540032    100.000000      1.717360
   179     17.900000     98.128637    107.536640     -1.507328    100.000000      1.871363
   180     18.000000     97.977904    107.369600     -1.473920    100.000000      2.022096
   181     18.100000     97.830512    107.199200     -1.439840    100.000000      2.169488
   182     18.200000     97.686528    107.025600     -1.405120    100.000000      2.313472
   183     18.300000     97.546016    106.848960     -1.369792    100.000000      2.453984
   184     18.400000     97.409037    106.669440     -1.333888    100.000000      2.590963
   185     18.500000     97.275648    106.487200     -1.297440    100.000000      2.724352
   186     18.600000     97.145904    106.302400     -1.260480    100.000000      2.854096
   187     18.700000     97.019856    106.115200     -1.223040    100.000000      2.980144
   188     18.800000     96.897552    105.925760     -1.185152    100.000000      3.102448
   189     18.900000     96.779037    105.734240     -1.146848    100.000000      3.220963
   190     19.000000     96.664352    105.540800     -1.108160    100.000000      3.335648
   191     19.100000     96.553536    105.345600     -1.069120    100.000000      3.446464
   192     19.200000     96.446624    105.148800     -1.029760    100.000000      3.553376
   193     19.300000     96.343648    104.950560     -0.990112    100.000000      3.656352
   194     19.400000     96.244637    104.751040     -0.950208    100.000000      3.755363
   195     19.500000     96.149616    104.550400     -0.910080    100.000000      3.850384
   196     19.600000     96.058608    104.348800     -0.869760    100.000000      3.941392
   197     19.700000     95.971632    104.146400     -0.829280    100.000000      4.028368
   198     19.800000     95.888704    103.943360     -0.788672    100.000000      4.111296
   199     19.900000     95.809837    103.739840     -0.747968    100.000000      4.190163
   200     20.000000     95.735040    103.536000     -0.707200    100.000000      4.264960
   201     20.100000     95.664320    103.332000     -0.666400    100.000000      4.335680
   202     20.200000     95.597680    103.128000     -0.625600    100.000000      4.402320
   203     20.300000     95.535120    102.924160     -0.584832    100.000000      4.464880
   204     20.400000     95.476637    102.720637     -0.544127    100.000000      4.523363
   205     20.500000     95.422224    102.517584     -0.503517    100.000000      4.577776
   206     20.600000     95.371872    102.315152     -0.463030    100.000000      4.628128
   207     20.700000     95.325569    102.113488     -0.422698    100.000000      4.674431
   208     20.800000     95.283300    101.912736     -0.382547    100.000000      4.716700
   209     20.900000     95.245045    101.713037     -0.342607    100.000000      4.754955
   210     21.000000     95.210784    101.514528     -0.302906    100.000000      4.789216
   211     21.100000     95.180494    101.317344     -0.263469    100.000000      4.819506
   212     21.200000     95.154147    101.121616     -0.224323    100.000000      4.845853
   213     21.300000     95.131714    100.927472     -0.185494    100.000000      4.868286
   214     21.400000     95.113165    100.735037     -0.147007    100.000000      4.886835
   215     21.500000     95.098464    100.544432     -0.108886    100.000000      4.901536
   216     21.600000     95.087576    100.355776     -0.071155    100.000000      4.912424
   217     21.700000     95.080460    100.169184     -0.033837    100.000000      4.919540
   218     21.800000     95.077076     99.984768      0.003046    100.000000      4.922924
   219     21.900000     95.077381     99.802637      0.039473    100.000000      4.922619
   220     22.000000     95.081328     99.622896      0.075421    100.000000      4.918672
   221     22.100000     95.088870     99.445648      0.110870    100.000000      4.911130
   222     22.200000     95.099957     99.270992      0.145802    100.000000      4.900043
   223     22.300000     95.114538     99.099024      0.180195    100.000000      4.885462
   224     22.400000     95.132557     98.929837      0.214033    100.000000      4.867443
   225     22.500000     95.153960     98.763520      0.247296    100.000000      4.846040
   226     22.600000     95.178690     98.600160      0.279968    100.000000      4.821310
   227     22.700000     95.206687     98.439840      0.312032    100.000000      4.793313
   228     22.800000     95.237890     98.282640      0.343472    100.000000      4.762110
   229     22.900000     95.272237     98.128637      0.374273    100.000000      4.727763
   230     23.000000     95.309664     97.977904      0.404419    100.000000      4.690336
   231     23.100000     95.350106     97.830512      0.433898    100.000000      4.649894
   232     23.200000     95.393496     97.686528      0.462694    100.000000      4.606504
   233     23.300000     95.439766     97.546016      0.490797    100.000000      4.560234
   234     23.400000     95.488845     97.409037      0.518193    100.000000      4.511155
   235     23.500000     95.540664     97.275648      0.544870    100.000000      4.459336
   236     23.600000     95.595151     97.145904      0.570819    100.000000      4.404849
   237     23.700000     95.652233     97.019856      0.596029    100.000000      4.347767
   238     23.800000     95.711836     96.897552      0.620490    100.000000      4.288164
   239     23.900000     95.773885     96.779037      0.644193    100.000000      4.226115
   240     24.000000     95.838305     96.664352      0.667130    100.000000      4.161695
   241     24.100000     95.905017     96.553536      0.689293    100.000000      4.094983
   242     24.200000     95.973947     96.446624      0.710675    100.000000      4.026053
   243     24.300000     96.045014     96.343648      0.731270    100.000000      3.954986
   244     24.400000     96.118141     96.244637      0.751073    100.000000      3.881859
   245     24.500000     96.193249     96.149616      0.770077    100.000000      3.806751
   246     24.600000     96.270256     96.058608      0.788278    100.000000      3.729744
   247     24.700000     96.349084     95.971632      0.805674    100.000000      3.650916
   248     24.800000     96.429651     95.888704      0.822259    100.000000      3.570349
   249     24.900000     96.511877     95.809837      0.838033    100.000000      3.488123
   250     25.000000     96.595681     95.735040      0.852992    100.000000      3.404319
   251     25.100000     96.680980     95.664320      0.867136    100.000000      3.319020
   252     25.200000     96.767693     95.597680      0.880464    100.000000      3.232307
   253     25.300000     96.855740     95.535120      0.892976    100.000000      3.144260
   254     25.400000     96.945037     95.476637      0.904673    100.000000      3.054963
   255     25.500000     97.035505     95.422224      0.915555    100.000000      2.964495
   256     25.600000     97.127060     95.371872      0.925626    100.000000      2.872940
   257     25.700000     97.219623     95.325569      0.934886    100.000000      2.780377
   258     25.800000     97.313111     95.283300      0.943340    100.000000      2.686889
   259     25.900000     97.407445     95.245045      0.950991    100.000000      2.592555
   260     26.000000     97.502544     95.210784      0.957843    100.000000      2.497456
   261     26.100000     97.598329     95.180494      0.963901    100.000000      2.401671
   262     26.200000     97.694719     95.154147      0.969171    100.000000      2.305281
   263     26.300000     97.791636     95.131714      0.973657    100.000000      2.208364
   264     26.400000     97.889002     95.113165      0.977367    100.000000      2.110998
   265     26.500000     97.986738     95.098464      0.980307    100.000000      2.013262
   266     26.600000     98.084769     95.087576      0.982485    100.000000      1.915231
   267     26.700000     98.183018     95.080460      0.983908    100.000000      1.816982
   268     26.800000     98.281408     95.077076      0.984585    100.000000      1.718592
   269     26.900000     98.379867     95.077381      0.984524    100.000000      1.620133
   270     27.000000     98.478319     95.081328      0.983734    100.000000      1.521681
   271     27.100000     98.576693     95.088870      0.982226    100.000000      1.423307
   272     27.200000     98.674915     95.099957      0.980009    100.000000      1.325085
   273     27.300000     98.772916     95.114538      0.977092    100.000000      1.227084
   274     27.400000     98.870625     95.132557      0.973489    100.000000      1.129375
   275     27.500000     98.967974     95.153960      0.969208    100.000000      1.032026
   276     27.600000     99.064895     95.178690      0.964262    100.000000      0.935105
   277     27.700000     99.161321     95.206687      0.958663    100.000000      0.838679
   278     27.800000     99.257188     95.237890      0.952422    100.000000      0.742812
   279     27.900000     99.352430     95.272237      0.945553    100.000000      0.647570
   280     28.000000     99.446985     95.309664      0.938067    100.000000      0.553015
   281     28.100000     99.540792     95.350106      0.929979    100.000000      0.459208
   282     28.200000     99.633790     95.393496      0.921301    100.000000      0.366210
   283     28.300000     99.725920     95.439766      0.912047    100.000000      0.274080
   284     28.400000     99.817124     95.488845      0.902231    100.000000      0.182876
   285     28.500000     99.907347     95.540664      0.891867    100.000000      0.092653
   286     28.600000     99.996534     95.595151      0.880970    100.000000      0.003466
   287     28.700000    100.084631     95.652233      0.869553    100.000000      0.084631
   288     28.800000    100.171586     95.711836      0.857633    100.000000      0.171586
   289     28.900000    100.257350     95.773885      0.845223    100.000000      0.257350
   290     29.000000    100.341872     95.838305      0.832339    100.000000      0.341872
   291     29.100000    100.425106     95.905017      0.818997    100.000000      0.425106
   292     29.200000    100.507006     95.973947      0.805211    100.000000      0.507006
   293     29.300000    100.587527     96.045014      0.790997    100.000000      0.587527
   294     29.400000    100.666626     96.118141      0.776372    100.000000      0.666626
   295     29.500000    100.744264     96.193249      0.761350    100.000000      0.744264
   296     29.600000    100.820399     96.270256      0.745949    100.000000      0.820399
   297     29.700000    100.894993     96.349084      0.730183    100.000000      0.894993
   298     29.800000    100.968012     96.429651      0.714070    100.000000      0.968012
   299     29.900000    101.039419     96.511877      0.697625    100.000000      1.039419
   300     30.000000    101.109181     96.595681      0.680864    100.000000      1.109181
