step x_reference x_perturbed absolute_difference log_difference
     0      0.2000000000      0.2000000100      0.0000000100    -18.4206807445
     1      0.6240000000      0.6240000234      0.0000000234    -17.5705298362
     2      0.9150336000      0.9150335774      0.0000000226    -17.6038797255
     3      0.3032137324      0.3032138057      0.0000000733    -16.4291518182
     4      0.8239731430      0.8239732555      0.0000001125    -16.0006653457
     5      0.5656614701      0.5656611859      0.0000002842    -15.0736360969
     6      0.9581854282      0.9581855738      0.0000001455    -15.7427575044
     7      0.1562578420      0.1562573219      0.0000005202    -14.4691149235
     8      0.5141811824      0.5141797878      0.0000013947    -13.4828538766
     9      0.9742156869      0.9742158411      0.0000001543    -15.6846186902
    10      0.0979659811      0.0979654105      0.0000005706    -14.3765878191
    11      0.3446377260      0.3446359366      0.0000017893    -13.2336819457
    12      0.8808639988      0.8808618305      0.0000021683    -13.0415480908
    13      0.4092761961      0.4092826377      0.0000064416    -11.9527401297
    14      0.9428998465      0.9429044047      0.0000045582    -12.2985874076
    15      0.2099749313      0.2099591844      0.0000157469    -11.0588701427
    16      0.6469532921      0.6469176687      0.0000356234    -10.2425071779
    17      0.8907784468      0.8908192747      0.0000408279    -10.1061451418
    18      0.3794396015      0.3793151487      0.0001244528     -8.9915836821
    19      0.9183142423      0.9181971500      0.0001170923     -9.0525483581
    20      0.2925514594      0.2929334605      0.0003820011     -7.8700869446
    21      0.8071639017      0.8077814481      0.0006175464     -7.3897563152
    22      0.6070363162      0.6055552628      0.0014810535     -6.5150016393
    23      0.9303185853      0.9315465374      0.0012279520     -6.7024075095
    24      0.2528210690      0.2486935858      0.0041274832     -5.4900874471
    25      0.7367200467      0.7286958361      0.0080242106     -4.8252919818
    26      0.7564581160      0.7710230368      0.0145649207     -4.2291393302
    27      0.7184940154      0.6885314028      0.0299626126     -3.5078049207
    28      0.7888154243      0.8363780496      0.0475626252     -3.0457080103
    29      0.6496840376      0.5337142503      0.1159697873     -2.1544255760
    30      0.8876192867      0.9705670624      0.0829477757     -2.4895440776
    31      0.3890300255      0.1114098952      0.2776201303     -1.2815015375
    32      0.9269740926      0.3860911489      0.5408829437     -0.6145523937
    33      0.2640031846      0.9243966172      0.6603934325     -0.4149195117
    34      0.7577914622      0.2725612942      0.4852301680     -0.7231319275
    35      0.7158198918      0.7732593770      0.0574394852     -2.8570233173
    36      0.7933449198      0.6837843203      0.1095605995     -2.2112774629
    37      0.6394001564      0.8432709621      0.2038708057     -1.5902687911
    38      0.8992136260      0.5154436816      0.3837699443     -0.9577120093
    39      0.3534510753      0.9740698215      0.6206187462     -0.4770383209
    40      0.8912413094      0.0985054369      0.7927358726     -0.2322651865
    41      0.3780279274      0.3463282515      0.0316996759     -3.4514488237
    42      0.9169789726      0.8829014755      0.0340774971     -3.3791180203
    43      0.2969012919      0.4032071943      0.1063059024     -2.2414344696
    44      0.8141285676      0.9384614958      0.1243329282     -2.0847924068
    45      0.5901606477      0.2252309152      0.3649297325     -1.0080504576
    46      0.9432971246      0.6805576052      0.2627395194     -1.3365921581
    47      0.2086018712      0.8478559097      0.6392540384     -0.4474533474
    48      0.6438398091      0.5030854378      0.1407543713     -1.9607389552
    49      0.8943094263      0.9749628723      0.0806534460     -2.5175937478
    50      0.3686282977      0.0952000528      0.2734282448     -1.2967160504
    51      0.9076917557      0.3359343107      0.5717574450     -0.5590404248
    52      0.3267709861      0.8700215534      0.5432505674     -0.6101846155
    53      0.8579676641      0.4410277949      0.4169398691     -0.8748132663
    54      0.4752506907      0.9614368882      0.4861861975     -0.7211636061
    55      0.9726111396      0.1445963929      0.8280147467     -0.1887243148
    56      0.1038909718      0.4823842768      0.3784933049     -0.9715568947
    57      0.3630807875      0.9737897765      0.6107089891     -0.4931347196
    58      0.9018872041      0.0995406658      0.8023465383     -0.2202146718
    59      0.3450980333      0.3495660544      0.0044680211     -5.4108096855
    60      0.8814209848      0.8867415492      0.0053205644     -5.2361758892
    61      0.4076203261      0.3916807989      0.0159395271     -4.1389532713
    62      0.9417173838      0.9292411077      0.0124762761     -4.3839263469
    63      0.2140544361      0.2564330788      0.0423786427     -3.1611107532
    64      0.6561170245      0.7436331041      0.0875160796     -2.4359327353
    65      0.8799471512      0.7435073512      0.1364398000     -1.9918717876
    66      0.4119966331      0.7437462626      0.3317496296     -1.1033747223
    67      0.9447960889      0.7432922619      0.2015038270     -1.6019469052
    68      0.2034101133      0.7441546137      0.5407445004     -0.6148083845
    69      0.6319343126      0.7425152459      0.1105809334     -2.2020075976
    70      0.9071140149      0.7456267864      0.1614872285     -1.8233292198
    71      0.3286068975      0.7397031790      0.4110962815     -0.8889278303
    72      0.8604351772      0.7509153053      0.1095198718     -2.2116492683
    73      0.4683372839      0.7294618872      0.2611246033     -1.3427575783
    74      0.9710901424      0.7696542450      0.2014358974     -1.6022840753
    75      0.1094889031      0.6914176938      0.5819287906     -0.5414071916
    76      0.3802542246      0.8321011394      0.4518469148     -0.7944118406
    77      0.9190777022      0.5448644496      0.3742132526     -0.9829294500
    78      0.2900581302      0.9671500065      0.6770918763     -0.3899483044
    79      0.8031052042      0.1239063984      0.6791988057     -0.3868414023
    80      0.6166962173      0.4233590512      0.1933371661     -1.6433196394
    81      0.9218897722      0.9520920434      0.0302022712     -3.4998381528
    82      0.2808351785      0.1778898589      0.1029453196     -2.2735573092
    83      0.7876704460      0.5703557223      0.2173147237     -1.5264086366
    84      0.6522582865      0.9556952821      0.3034369956     -1.1925812827
    85      0.8845879154      0.1651330585      0.7194548569     -0.3292614970
    86      0.3981593279      0.5376701128      0.1395107850     -1.9696133692
    87      0.9345510622      0.9694657541      0.0349146919     -3.3548475669
    88      0.2385449598      0.1154474322      0.1230975276     -2.0947783304
    89      0.7084009216      0.3982653581      0.3101355635     -1.1707457754
    90      0.8056193179      0.9346352443      0.1290159264     -2.0478194221
    91      0.6107276468      0.2382595973      0.3724680495     -0.9876040180
    92      0.9271836141      0.7078186503      0.2193649638     -1.5170184348
    93      0.2633052234      0.8065644936      0.5432592701     -0.6101685958
    94      0.7565047727      0.6084710240      0.1480337487     -1.9103149996
    95      0.7184006761      0.9291127441      0.2107120679     -1.5572626843
    96      0.7889744642      0.2568627862      0.5321116780     -0.6309018906
    97      0.6493256603      0.7444487515      0.0951230913     -2.3525835287
    98      0.8880372040      0.7419547507      0.1460824533     -1.9235840682
    99      0.3877658003      0.7466858045      0.3589200042     -1.0246557449
   100      0.9258735893      0.7376698440      0.1882037452     -1.6702301518
