step time solver_value exact_value absolute_error step_size
     0      0.00000000    100.00000000    100.00000000      0.00000000      0.50000000
     1      0.50000000     83.94583496     83.94570208      0.00013288      0.50000000
     2      1.00000000     70.46903207     70.46880897      0.00022310      0.50000000
     3      1.50000000     59.15581736     59.15553644      0.00028093      0.50000000
     4      2.00000000     49.65884481     49.65853038      0.00031443      0.50000000
     5      2.50000000     41.68653191     41.68620197      0.00032994      0.50000000
     6      3.00000000     34.99410728     34.99377491      0.00033237      0.50000000
     7      3.50000000     29.37609554     29.37577003      0.00032551      0.50000000
     8      4.00000000     24.66000868     24.65969639      0.00031229      0.50000000
     9      4.50000000     20.70105019     20.70075527      0.00029492      0.50000000
    10      5.00000000     17.37766943     17.37739435      0.00027508      0.50000000
    11      5.50000000     14.58782970     14.58757569      0.00025401      0.50000000
    12      6.00000000     12.24587544     12.24564283      0.00023262      0.50000000
    13      6.50000000     10.27990239     10.27969084      0.00021154      0.50000000
    14      7.00000000      8.62954989      8.62935865      0.00019124      0.50000000
    15      7.50000000      7.24414771      7.24397570      0.00017201      0.50000000
    16      8.00000000      6.08116028      6.08100626      0.00015402      0.50000000
    17      8.50000000      5.10488077      5.10474340      0.00013737      0.50000000
    18      9.00000000      4.28533479      4.28521269      0.00012210      0.50000000
    19      9.50000000      3.59736007      3.59725188      0.00010819      0.50000000
    20     10.00000000      3.01983395      3.01973834      0.00009560      0.50000000
    21     10.50000000      2.53502482      2.53494055      0.00008427      0.50000000
    22     11.00000000      2.12804775      2.12797364      0.00007411      0.50000000
    23     11.50000000      1.78640745      1.78634242      0.00006504      0.50000000
    24     12.00000000      1.49961465      1.49955768      0.00005697      0.50000000
    25     12.50000000      1.25886404      1.25881422      0.00004982      0.50000000
    26     13.00000000      1.05676393      1.05672044      0.00004349      0.50000000
    27     13.50000000      0.88710931      0.88707139      0.00003791      0.50000000
    28     14.00000000      0.74469131      0.74465831      0.00003301      0.50000000
    29     14.50000000      0.62513734      0.62510864      0.00002870      0.50000000
    30     15.00000000      0.52477676      0.52475184      0.00002492      0.50000000
    31     15.50000000      0.44052823      0.44050662      0.00002162      0.50000000
    32     16.00000000      0.36980510      0.36978637      0.00001873      0.50000000
    33     16.50000000      0.31043598      0.31041977      0.00001622      0.50000000
    34     17.00000000      0.26059808      0.26058405      0.00001403      0.50000000
    35     17.50000000      0.21876123      0.21874911      0.00001212      0.50000000
    36     18.00000000      0.18364094      0.18363048      0.00001046      0.50000000
    37     18.50000000      0.15415892      0.15414989      0.00000903      0.50000000
    38     19.00000000      0.12940999      0.12940221      0.00000778      0.50000000
    39     19.50000000      0.10863430      0.10862759      0.00000671      0.50000000
    40     20.00000000      0.09119397      0.09118820      0.00000577      0.50000000
