   step x_reference x_perturbed absolute_difference
1     0  0.20000000  0.20000001        1.000000e-08
2     1  0.62400000  0.62400002        2.340000e-08
3     2  0.91503360  0.91503358        2.263248e-08
4     3  0.30321373  0.30321381        7.326727e-08
5     4  0.82397314  0.82397326        1.124603e-07
6     5  0.56566147  0.56566119        2.841862e-07
7     6  0.95818543  0.95818557        1.455483e-07
8     7  0.15625784  0.15625732        5.201675e-07
9     8  0.51418118  0.51417979        1.394668e-06
10    9  0.97421569  0.97421584        1.542612e-07
11   10  0.09796598  0.09796541        5.705941e-07
12   11  0.34463773  0.34463594        1.789307e-06
13   12  0.88086400  0.88086183        2.168341e-06
14   13  0.40927620  0.40928264        6.441558e-06
15   14  0.94289985  0.94290440        4.558179e-06
16   15  0.20997493  0.20995918        1.574685e-05
17   16  0.64695329  0.64691767        3.562342e-05
18   17  0.89077845  0.89081927        4.082789e-05
19   18  0.37943960  0.37931515        1.244528e-04
20   19  0.91831424  0.91819715        1.170923e-04
21   20  0.29255146  0.29293346        3.820011e-04
22   21  0.80716390  0.80778145        6.175464e-04
23   22  0.60703632  0.60555526        1.481053e-03
24   23  0.93031859  0.93154654        1.227952e-03
25   24  0.25282107  0.24869359        4.127483e-03
26   25  0.73672005  0.72869584        8.024211e-03
27   26  0.75645812  0.77102304        1.456492e-02
28   27  0.71849402  0.68853140        2.996261e-02
29   28  0.78881542  0.83637805        4.756263e-02
30   29  0.64968404  0.53371425        1.159698e-01
31   30  0.88761929  0.97056706        8.294778e-02
