growth_rate carrying_capacity loss mean_absolute_residual max_absolute_residual
        0.22000000       85.00000000     2413.00066068       15.14889448       27.83296456
        0.22000000       95.00000000     1990.56627703       13.87903832       25.07699732
        0.22000000      105.00000000     1652.04998005       12.74697586       22.84611461
        0.22000000      115.00000000     1379.87964719       11.73039363       20.84374725
        0.22000000      125.00000000     1160.71590103       10.81175459       19.03649474
        0.26000000       85.00000000     1189.19514727       10.61775145       19.40965304
        0.26000000       95.00000000      789.50175055        8.80034221       15.76514438
        0.26000000      105.00000000      506.78101001        7.14587885       12.48544782
        0.26000000      115.00000000      318.62191571        5.63127264       10.75450720
        0.26000000      125.00000000      207.37292226        4.23797027        9.20105827
        0.30000000       85.00000000      453.48715635        6.40508694       12.65636108
        0.30000000       95.00000000      164.91002629        4.00863314        7.24855108
        0.30000000      105.00000000       39.19134937        1.83420921        4.10358755
        0.30000000      115.00000000       49.82164061        1.91634122        6.16209628
        0.30000000      125.00000000      175.12441442        2.95557625       11.91324809
        0.34000000       85.00000000      110.71891124        2.68657929        7.76554139
        0.34000000       95.00000000        1.82739179        0.37592446        1.02540973
        0.34000000      105.00000000      112.64045414        3.12170550        7.26881532
        0.34000000      115.00000000      414.23008724        5.74877774       14.46218890
        0.34000000      125.00000000      882.21469590        8.23473237       21.45191536
        0.38000000       85.00000000       51.72725154        2.28635523        4.38430811
        0.38000000       95.00000000      163.67392895        4.17759312        7.03891105
        0.38000000      105.00000000      558.03400707        7.49395802       12.59634316
        0.38000000      115.00000000     1205.24408469       10.65506011       20.41745484
        0.38000000      125.00000000     2079.84499922       13.67627289       28.37589385
        0.42000000       85.00000000      183.41206446        4.17039940        8.91079320
        0.42000000       95.00000000      534.08815493        7.52475107       12.84493104
        0.42000000      105.00000000     1230.69731265       11.32359283       18.44826119
        0.42000000      115.00000000     2244.35064121       14.97366475       25.35603839
        0.42000000      125.00000000     3549.81144875       18.48899519       33.13879695
