step time euler_value exact_value absolute_error step_size stability_multiplier
     0      0.00000000    100.00000000    100.00000000      0.00000000      0.10000000      0.96500000
     1      0.10000000     96.50000000     96.56054163      0.06054163      0.10000000      0.96500000
     2      0.20000000     93.12250000     93.23938199      0.11688199      0.10000000      0.96500000
     3      0.30000000     89.86321250     90.03245226      0.16923976      0.10000000      0.96500000
     4      0.40000000     86.71800006     86.93582354      0.21782348      0.10000000      0.96500000
     5      0.50000000     83.68287006     83.94570208      0.26283202      0.10000000      0.96500000
     6      0.60000000     80.75396961     81.05842460      0.30445499      0.10000000      0.96500000
     7      0.70000000     77.92758067     78.27045382      0.34287315      0.10000000      0.96500000
     8      0.80000000     75.20011535     75.57837415      0.37825880      0.10000000      0.96500000
     9      0.90000000     72.56811131     72.97888743      0.41077612      0.10000000      0.96500000
    10      1.00000000     70.02822742     70.46880897      0.44058156      0.10000000      0.96500000
    11      1.10000000     67.57723946     68.04506362      0.46782416      0.10000000      0.96500000
    12      1.20000000     65.21203607     65.70468198      0.49264591      0.10000000      0.96500000
    13      1.30000000     62.92961481     63.44479679      0.51518198      0.10000000      0.96500000
    14      1.40000000     60.72707829     61.26263942      0.53556112      0.10000000      0.96500000
    15      1.50000000     58.60163055     59.15553644      0.55390588      0.10000000      0.96500000
    16      1.60000000     56.55057348     57.12090638      0.57033290      0.10000000      0.96500000
    17      1.70000000     54.57130341     55.15625659      0.58495317      0.10000000      0.96500000
    18      1.80000000     52.66130779     53.25918010      0.59787231      0.10000000      0.96500000
    19      1.90000000     50.81816202     51.42735277      0.60919075      0.10000000      0.96500000
    20      2.00000000     49.03952635     49.65853038      0.61900403      0.10000000      0.96500000
    21      2.10000000     47.32314293     47.95054590      0.62740297      0.10000000      0.96500000
    22      2.20000000     45.66683292     46.30130683      0.63447391      0.10000000      0.96500000
    23      2.30000000     44.06849377     44.70879266      0.64029888      0.10000000      0.96500000
    24      2.40000000     42.52609649     43.17105234      0.64495585      0.10000000      0.96500000
    25      2.50000000     41.03768311     41.68620197      0.64851885      0.10000000      0.96500000
    26      2.60000000     39.60136420     40.25242240      0.65105820      0.10000000      0.96500000
    27      2.70000000     38.21531646     38.86795709      0.65264063      0.10000000      0.96500000
    28      2.80000000     36.87778038     37.53110989      0.65332950      0.10000000      0.96500000
    29      2.90000000     35.58705807     36.24024298      0.65318492      0.10000000      0.96500000
    30      3.00000000     34.34151104     34.99377491      0.65226388      0.10000000      0.96500000
    31      3.10000000     33.13955815     33.79017859      0.65062044      0.10000000      0.96500000
    32      3.20000000     31.97967361     32.62797946      0.64830585      0.10000000      0.96500000
    33      3.30000000     30.86038504     31.50575369      0.64536865      0.10000000      0.96500000
    34      3.40000000     29.78027156     30.42212641      0.64185485      0.10000000      0.96500000
    35      3.50000000     28.73796206     29.37577003      0.63780798      0.10000000      0.96500000
    36      3.60000000     27.73213338     28.36540265      0.63326927      0.10000000      0.96500000
    37      3.70000000     26.76150872     27.38978643      0.62827772      0.10000000      0.96500000
    38      3.80000000     25.82485591     26.44772613      0.62287022      0.10000000      0.96500000
    39      3.90000000     24.92098595     25.53806760      0.61708164      0.10000000      0.96500000
    40      4.00000000     24.04875145     24.65969639      0.61094495      0.10000000      0.96500000
    41      4.10000000     23.20704515     23.81153640      0.60449126      0.10000000      0.96500000
    42      4.20000000     22.39479856     22.99254852      0.59774995      0.10000000      0.96500000
    43      4.30000000     21.61098062     22.20172938      0.59074877      0.10000000      0.96500000
    44      4.40000000     20.85459629     21.43811014      0.58351385      0.10000000      0.96500000
    45      4.50000000     20.12468542     20.70075527      0.57606984      0.10000000      0.96500000
    46      4.60000000     19.42032143     19.98876141      0.56843997      0.10000000      0.96500000
    47      4.70000000     18.74061018     19.30125628      0.56064610      0.10000000      0.96500000
    48      4.80000000     18.08468883     18.63739760      0.55270878      0.10000000      0.96500000
    49      4.90000000     17.45172472     17.99637207      0.54464735      0.10000000      0.96500000
    50      5.00000000     16.84091435     17.37739435      0.53647999      0.10000000      0.96500000
    51      5.10000000     16.25148235     16.77970610      0.52822375      0.10000000      0.96500000
    52      5.20000000     15.68268047     16.20257509      0.51989463      0.10000000      0.96500000
    53      5.30000000     15.13378665     15.64529427      0.51150762      0.10000000      0.96500000
    54      5.40000000     14.60410412     15.10718088      0.50307676      0.10000000      0.96500000
    55      5.50000000     14.09296047     14.58757569      0.49461521      0.10000000      0.96500000
    56      5.60000000     13.59970686     14.08584209      0.48613523      0.10000000      0.96500000
    57      5.70000000     13.12371712     13.60136542      0.47764830      0.10000000      0.96500000
    58      5.80000000     12.66438702     13.13355211      0.46916510      0.10000000      0.96500000
    59      5.90000000     12.22113347     12.68182906      0.46069558      0.10000000      0.96500000
    60      6.00000000     11.79339380     12.24564283      0.45224902      0.10000000      0.96500000
    61      6.10000000     11.38062502     11.82445904      0.44383402      0.10000000      0.96500000
    62      6.20000000     10.98230314     11.41776169      0.43545855      0.10000000      0.96500000
    63      6.30000000     10.59792253     11.02505253      0.42713000      0.10000000      0.96500000
    64      6.40000000     10.22699524     10.64585044      0.41885519      0.10000000      0.96500000
    65      6.50000000      9.86905041     10.27969084      0.41064043      0.10000000      0.96500000
    66      6.60000000      9.52363365      9.92612516      0.40249151      0.10000000      0.96500000
    67      6.70000000      9.19030647      9.58472021      0.39441374      0.10000000      0.96500000
    68      6.80000000      8.86864574      9.25505775      0.38641201      0.10000000      0.96500000
    69      6.90000000      8.55824314      8.93673389      0.37849075      0.10000000      0.96500000
    70      7.00000000      8.25870463      8.62935865      0.37065402      0.10000000      0.96500000
    71      7.10000000      7.96964997      8.33255545      0.36290548      0.10000000      0.96500000
    72      7.20000000      7.69071222      8.04596067      0.35524845      0.10000000      0.96500000
    73      7.30000000      7.42153729      7.76922321      0.34768591      0.10000000      0.96500000
    74      7.40000000      7.16178349      7.50200401      0.34022052      0.10000000      0.96500000
    75      7.50000000      6.91112107      7.24397570      0.33285464      0.10000000      0.96500000
    76      7.60000000      6.66923183      6.99482217      0.32559035      0.10000000      0.96500000
    77      7.70000000      6.43580871      6.75423818      0.31842946      0.10000000      0.96500000
    78      7.80000000      6.21055541      6.52192897      0.31137356      0.10000000      0.96500000
    79      7.90000000      5.99318597      6.29760993      0.30442396      0.10000000      0.96500000
    80      8.00000000      5.78342446      6.08100626      0.29758180      0.10000000      0.96500000
    81      8.10000000      5.58100460      5.87185258      0.29084798      0.10000000      0.96500000
    82      8.20000000      5.38566944      5.66989266      0.28422321      0.10000000      0.96500000
    83      8.30000000      5.19717101      5.47487906      0.27770805      0.10000000      0.96500000
    84      8.40000000      5.01527003      5.28657287      0.27130285      0.10000000      0.96500000
    85      8.50000000      4.83973558      5.10474340      0.26500782      0.10000000      0.96500000
    86      8.60000000      4.67034483      4.92916788      0.25882304      0.10000000      0.96500000
    87      8.70000000      4.50688276      4.75963120      0.25274844      0.10000000      0.96500000
    88      8.80000000      4.34914187      4.59592566      0.24678380      0.10000000      0.96500000
    89      8.90000000      4.19692190      4.43785071      0.24092881      0.10000000      0.96500000
    90      9.00000000      4.05002963      4.28521269      0.23518305      0.10000000      0.96500000
    91      9.10000000      3.90827860      4.13782458      0.22954598      0.10000000      0.96500000
    92      9.20000000      3.77148885      3.99550583      0.22401698      0.10000000      0.96500000
    93      9.30000000      3.63948674      3.85808207      0.21859533      0.10000000      0.96500000
    94      9.40000000      3.51210470      3.72538494      0.21328024      0.10000000      0.96500000
    95      9.50000000      3.38918104      3.59725188      0.20807084      0.10000000      0.96500000
    96      9.60000000      3.27055970      3.47352589      0.20296619      0.10000000      0.96500000
    97      9.70000000      3.15609011      3.35405542      0.19796531      0.10000000      0.96500000
    98      9.80000000      3.04562696      3.23869408      0.19306712      0.10000000      0.96500000
    99      9.90000000      2.93903001      3.12730054      0.18827053      0.10000000      0.96500000
   100     10.00000000      2.83616396      3.01973834      0.18357438      0.10000000      0.96500000
   101     10.10000000      2.73689822      2.91587570      0.17897748      0.10000000      0.96500000
   102     10.20000000      2.64110679      2.81558537      0.17447858      0.10000000      0.96500000
   103     10.30000000      2.54866805      2.71874448      0.17007643      0.10000000      0.96500000
   104     10.40000000      2.45946467      2.62523440      0.16576973      0.10000000      0.96500000
   105     10.50000000      2.37338340      2.53494055      0.16155715      0.10000000      0.96500000
   106     10.60000000      2.29031498      2.44775233      0.15743734      0.10000000      0.96500000
   107     10.70000000      2.21015396      2.36356290      0.15340894      0.10000000      0.96500000
   108     10.80000000      2.13279857      2.28226914      0.14947057      0.10000000      0.96500000
   109     10.90000000      2.05815062      2.20377145      0.14562082      0.10000000      0.96500000
   110     11.00000000      1.98611535      2.12797364      0.14185829      0.10000000      0.96500000
   111     11.10000000      1.91660131      2.05478288      0.13818156      0.10000000      0.96500000
   112     11.20000000      1.84952027      1.98410947      0.13458921      0.10000000      0.96500000
   113     11.30000000      1.78478706      1.91586685      0.13107980      0.10000000      0.96500000
   114     11.40000000      1.72231951      1.84997141      0.12765190      0.10000000      0.96500000
   115     11.50000000      1.66203833      1.78634242      0.12430409      0.10000000      0.96500000
   116     11.60000000      1.60386699      1.72490191      0.12103493      0.10000000      0.96500000
   117     11.70000000      1.54773164      1.66557463      0.11784299      0.10000000      0.96500000
   118     11.80000000      1.49356103      1.60828788      0.11472685      0.10000000      0.96500000
   119     11.90000000      1.44128640      1.55297149      0.11168509      0.10000000      0.96500000
   120     12.00000000      1.39084137      1.49955768      0.10871631      0.10000000      0.96500000
   121     12.10000000      1.34216193      1.44798102      0.10581909      0.10000000      0.96500000
   122     12.20000000      1.29518626      1.39817832      0.10299206      0.10000000      0.96500000
   123     12.30000000      1.24985474      1.35008855      0.10023382      0.10000000      0.96500000
   124     12.40000000      1.20610982      1.30365282      0.09754300      0.10000000      0.96500000
   125     12.50000000      1.16389598      1.25881422      0.09491824      0.10000000      0.96500000
   126     12.60000000      1.12315962      1.21551783      0.09235821      0.10000000      0.96500000
   127     12.70000000      1.08384903      1.17371060      0.08986157      0.10000000      0.96500000
   128     12.80000000      1.04591432      1.13334132      0.08742700      0.10000000      0.96500000
   129     12.90000000      1.00930732      1.09436051      0.08505320      0.10000000      0.96500000
   130     13.00000000      0.97398156      1.05672044      0.08273888      0.10000000      0.96500000
   131     13.10000000      0.93989221      1.02037498      0.08048277      0.10000000      0.96500000
   132     13.20000000      0.90699598      0.98527961      0.07828363      0.10000000      0.96500000
   133     13.30000000      0.87525112      0.95139132      0.07614021      0.10000000      0.96500000
   134     13.40000000      0.84461733      0.91866862      0.07405129      0.10000000      0.96500000
   135     13.50000000      0.81505572      0.88707139      0.07201567      0.10000000      0.96500000
   136     13.60000000      0.78652877      0.85656094      0.07003217      0.10000000      0.96500000
   137     13.70000000      0.75900027      0.82709988      0.06809962      0.10000000      0.96500000
   138     13.80000000      0.73243526      0.79865213      0.06621687      0.10000000      0.96500000
   139     13.90000000      0.70680002      0.77118282      0.06438280      0.10000000      0.96500000
   140     14.00000000      0.68206202      0.74465831      0.06259629      0.10000000      0.96500000
   141     14.10000000      0.65818985      0.71904609      0.06085624      0.10000000      0.96500000
   142     14.20000000      0.63515321      0.69431480      0.05916160      0.10000000      0.96500000
   143     14.30000000      0.61292284      0.67043413      0.05751129      0.10000000      0.96500000
   144     14.40000000      0.59147054      0.64737483      0.05590429      0.10000000      0.96500000
   145     14.50000000      0.57076908      0.62510864      0.05433957      0.10000000      0.96500000
   146     14.60000000      0.55079216      0.60360829      0.05281613      0.10000000      0.96500000
   147     14.70000000      0.53151443      0.58284744      0.05133300      0.10000000      0.96500000
   148     14.80000000      0.51291143      0.56280064      0.04988921      0.10000000      0.96500000
   149     14.90000000      0.49495953      0.54344335      0.04848382      0.10000000      0.96500000
   150     15.00000000      0.47763594      0.52475184      0.04711590      0.10000000      0.96500000
   151     15.10000000      0.46091869      0.50670322      0.04578453      0.10000000      0.96500000
   152     15.20000000      0.44478653      0.48927537      0.04448884      0.10000000      0.96500000
   153     15.30000000      0.42921900      0.47244695      0.04322795      0.10000000      0.96500000
   154     15.40000000      0.41419634      0.45619733      0.04200100      0.10000000      0.96500000
   155     15.50000000      0.39969947      0.44050662      0.04080715      0.10000000      0.96500000
   156     15.60000000      0.38570998      0.42535557      0.03964559      0.10000000      0.96500000
   157     15.70000000      0.37221014      0.41072565      0.03851551      0.10000000      0.96500000
   158     15.80000000      0.35918278      0.39659891      0.03741613      0.10000000      0.96500000
   159     15.90000000      0.34661138      0.38295805      0.03634667      0.10000000      0.96500000
   160     16.00000000      0.33447998      0.36978637      0.03530639      0.10000000      0.96500000
   161     16.10000000      0.32277319      0.35706772      0.03429454      0.10000000      0.96500000
   162     16.20000000      0.31147612      0.34478653      0.03331040      0.10000000      0.96500000
   163     16.30000000      0.30057446      0.33292774      0.03235328      0.10000000      0.96500000
   164     16.40000000      0.29005435      0.32147683      0.03142247      0.10000000      0.96500000
   165     16.50000000      0.27990245      0.31041977      0.03051731      0.10000000      0.96500000
   166     16.60000000      0.27010587      0.29974301      0.02963714      0.10000000      0.96500000
   167     16.70000000      0.26065216      0.28943347      0.02878131      0.10000000      0.96500000
   168     16.80000000      0.25152933      0.27947853      0.02794919      0.10000000      0.96500000
   169     16.90000000      0.24272581      0.26986598      0.02714017      0.10000000      0.96500000
   170     17.00000000      0.23423040      0.26058405      0.02635365      0.10000000      0.96500000
   171     17.10000000      0.22603234      0.25162137      0.02558903      0.10000000      0.96500000
   172     17.20000000      0.21812121      0.24296696      0.02484575      0.10000000      0.96500000
   173     17.30000000      0.21048697      0.23461021      0.02412325      0.10000000      0.96500000
   174     17.40000000      0.20311992      0.22654089      0.02342097      0.10000000      0.96500000
   175     17.50000000      0.19601073      0.21874911      0.02273839      0.10000000      0.96500000
   176     17.60000000      0.18915035      0.21122533      0.02207498      0.10000000      0.96500000
   177     17.70000000      0.18253009      0.20396032      0.02143023      0.10000000      0.96500000
   178     17.80000000      0.17614153      0.19694519      0.02080366      0.10000000      0.96500000
   179     17.90000000      0.16997658      0.19017134      0.02019476      0.10000000      0.96500000
   180     18.00000000      0.16402740      0.18363048      0.01960308      0.10000000      0.96500000
   181     18.10000000      0.15828644      0.17731458      0.01902814      0.10000000      0.96500000
   182     18.20000000      0.15274642      0.17121592      0.01846951      0.10000000      0.96500000
   183     18.30000000      0.14740029      0.16532702      0.01792673      0.10000000      0.96500000
   184     18.40000000      0.14224128      0.15964067      0.01739939      0.10000000      0.96500000
   185     18.50000000      0.13726284      0.15414989      0.01688706      0.10000000      0.96500000
   186     18.60000000      0.13245864      0.14884797      0.01638934      0.10000000      0.96500000
   187     18.70000000      0.12782258      0.14372841      0.01590582      0.10000000      0.96500000
   188     18.80000000      0.12334879      0.13878493      0.01543614      0.10000000      0.96500000
   189     18.90000000      0.11903159      0.13401148      0.01497989      0.10000000      0.96500000
   190     19.00000000      0.11486548      0.12940221      0.01453673      0.10000000      0.96500000
   191     19.10000000      0.11084519      0.12495148      0.01410629      0.10000000      0.96500000
   192     19.20000000      0.10696561      0.12065382      0.01368821      0.10000000      0.96500000
   193     19.30000000      0.10322181      0.11650398      0.01328217      0.10000000      0.96500000
   194     19.40000000      0.09960905      0.11249688      0.01288783      0.10000000      0.96500000
   195     19.50000000      0.09612273      0.10862759      0.01250486      0.10000000      0.96500000
   196     19.60000000      0.09275844      0.10489139      0.01213296      0.10000000      0.96500000
   197     19.70000000      0.08951189      0.10128370      0.01177181      0.10000000      0.96500000
   198     19.80000000      0.08637897      0.09780009      0.01142111      0.10000000      0.96500000
   199     19.90000000      0.08335571      0.09443629      0.01108058      0.10000000      0.96500000
   200     20.00000000      0.08043826      0.09118820      0.01074994      0.10000000      0.96500000
