step time euler_value rk4_value exact_value euler_absolute_error rk4_absolute_error
     0      0.00000000    100.00000000    100.00000000    100.00000000      0.00000000      0.00000000
     1      0.50000000     82.50000000     83.94583496     83.94570208      1.44570208      0.00013288
     2      1.00000000     68.06250000     70.46903207     70.46880897      2.40630897      0.00022310
     3      1.50000000     56.15156250     59.15581736     59.15553644      3.00397394      0.00028093
     4      2.00000000     46.32503906     49.65884481     49.65853038      3.33349132      0.00031443
     5      2.50000000     38.21815723     41.68653191     41.68620197      3.46804474      0.00032994
     6      3.00000000     31.52997971     34.99410728     34.99377491      3.46379520      0.00033237
     7      3.50000000     26.01223326     29.37609554     29.37577003      3.36353677      0.00032551
     8      4.00000000     21.46009244     24.66000868     24.65969639      3.19960395      0.00031229
     9      4.50000000     17.70457626     20.70105019     20.70075527      2.99617900      0.00029492
    10      5.00000000     14.60627542     17.37766943     17.37739435      2.77111893      0.00027508
    11      5.50000000     12.05017722     14.58782970     14.58757569      2.53739847      0.00025401
    12      6.00000000      9.94139621     12.24587544     12.24564283      2.30424662      0.00023262
    13      6.50000000      8.20165187     10.27990239     10.27969084      2.07803897      0.00021154
    14      7.00000000      6.76636279      8.62954989      8.62935865      1.86299586      0.00019124
    15      7.50000000      5.58224930      7.24414771      7.24397570      1.66172640      0.00017201
    16      8.00000000      4.60535568      6.08116028      6.08100626      1.47565059      0.00015402
    17      8.50000000      3.79941843      5.10488077      5.10474340      1.30532497      0.00013737
    18      9.00000000      3.13452021      4.28533479      4.28521269      1.15069248      0.00012210
    19      9.50000000      2.58597917      3.59736007      3.59725188      1.01127270      0.00010819
    20     10.00000000      2.13343282      3.01983395      3.01973834      0.88630553      0.00009560
    21     10.50000000      1.76008207      2.53502482      2.53494055      0.77485848      0.00008427
    22     11.00000000      1.45206771      2.12804775      2.12797364      0.67590593      0.00007411
    23     11.50000000      1.19795586      1.78640745      1.78634242      0.58838655      0.00006504
    24     12.00000000      0.98831359      1.49961465      1.49955768      0.51124410      0.00005697
    25     12.50000000      0.81535871      1.25886404      1.25881422      0.44345552      0.00004982
    26     13.00000000      0.67267093      1.05676393      1.05672044      0.38404950      0.00004349
    27     13.50000000      0.55495352      0.88710931      0.88707139      0.33211787      0.00003791
    28     14.00000000      0.45783665      0.74469131      0.74465831      0.28682165      0.00003301
    29     14.50000000      0.37771524      0.62513734      0.62510864      0.24739340      0.00002870
    30     15.00000000      0.31161507      0.52477676      0.52475184      0.21313677      0.00002492
    31     15.50000000      0.25708244      0.44052823      0.44050662      0.18342418      0.00002162
    32     16.00000000      0.21209301      0.36980510      0.36978637      0.15769336      0.00001873
    33     16.50000000      0.17497673      0.31043598      0.31041977      0.13544303      0.00001622
    34     17.00000000      0.14435580      0.26059808      0.26058405      0.11622825      0.00001403
    35     17.50000000      0.11909354      0.21876123      0.21874911      0.09965557      0.00001212
    36     18.00000000      0.09825217      0.18364094      0.18363048      0.08537831      0.00001046
    37     18.50000000      0.08105804      0.15415892      0.15414989      0.07309185      0.00000903
    38     19.00000000      0.06687288      0.12940999      0.12940221      0.06252933      0.00000778
    39     19.50000000      0.05517013      0.10863430      0.10862759      0.05345747      0.00000671
    40     20.00000000      0.04551536      0.09119397      0.09118820      0.04567284      0.00000577
