    index    x     value true_derivative central_difference
1       0  0.0 0.0000000      1.00000000                 NA
2       1  0.1 0.1008334      1.01500417         1.01334665
3       2  0.2 0.2026693      1.02006658         1.01843395
4       3  0.3 0.3045202      1.01533649         1.01374506
5       4  0.4 0.4054183      1.00106099         0.99952666
6       5  0.5 0.5044255      0.97758256         0.97612066
7       6  0.6 0.6006425      0.94533561         0.94396074
8       7  0.7 0.6932177      0.90484219         0.90356809
9       8  0.8 0.7813561      0.85670671         0.85554611
10      9  0.9 0.8643269      0.80160997         0.80057447
11     10  1.0 0.9414710      0.74030231         0.73940225
12     11  1.1 1.0122074      0.67359612         0.67284051
13     12  1.2 1.0760391      0.60235775         0.60175413
14     13  1.3 1.1325582      0.52749883         0.52705322
15     14  1.4 1.1814497      0.44996714         0.44968401
16     15  1.5 1.2224950      0.37073720         0.37061937
17     16  1.6 1.2555736      0.29080048         0.29084912
18     17  1.7 1.2806648      0.21115551         0.21137014
19     18  1.8 1.2978476      0.13279791         0.13317639
20     19  1.9 1.3073001      0.05671043         0.05724898
21     20  2.0 1.3092974     -0.01614684        -0.01545361
22     21  2.1 1.3042094     -0.08484610        -0.08400512
23     22  2.2 1.2924964     -0.14850112        -0.14752077
24     23  2.3 1.2747052     -0.20627602        -0.20516612
25     24  2.4 1.2514632     -0.25739372        -0.25616534
26     25  2.5 1.2234721     -0.30114362        -0.29980904
27     26  2.6 1.1915014     -0.33688875        -0.33546132
28     27  2.7 1.1563799     -0.36407214        -0.36256611
29     28  2.8 1.1189882     -0.38222234        -0.38065276
30     29  2.9 1.0802493     -0.39095817        -0.38934071
31     30  3.0 1.0411200     -0.38999250        -0.38834333
32     31  3.1 1.0025807     -0.37913515        -0.37747076
33     32  3.2 0.9656259     -0.35829478        -0.35663178
34     33  3.3 0.9312543     -0.32747977        -0.32583479
35     34  3.4 0.9004589     -0.28679819        -0.28518767
36     35  3.5 0.8742168     -0.23645669        -0.23489671
37     36  3.6 0.8534796     -0.17675842        -0.17526457
38     37  3.7 0.8391639     -0.10810003        -0.10668724
39     38  3.8 0.8321421     -0.03096771        -0.02965009
40     39  3.9 0.8332338      0.05406770         0.05527698
41     40  4.0 0.8431975      0.14635638         0.14744524
42     41  4.1 0.8627229      0.24517605         0.24613361
43     42  4.2 0.8924242      0.34973918         0.35055587
44     43  4.3 0.9328341      0.45920083         0.45986849
45     44  4.4 0.9843979      0.57266713         0.57317910
46     45  4.5 1.0474699      0.68920420         0.68955535
47     46  4.6 1.1223090      0.80784747         0.80803430
48     47  4.7 1.2090767      0.92761134         0.92763197
49     48  4.8 1.3078354      1.04749898         1.04735322
50     49  4.9 1.4185474      1.16651237         1.16620167
51     50  5.0 1.5410757      1.28366219         1.28318965
52     51  5.1 1.6751853      1.39797774         1.39734809
53     52  5.2 1.8205453      1.50851667         1.50773620
54     53  5.3 1.9767326      1.61437434         1.61345084
55     54  5.4 2.1432355      1.71469288         1.71363558
56     55  5.5 2.3194597      1.80866977         1.80748925
57     56  5.6 2.5047334      1.89556588         1.89427391
58     57  5.7 2.6983145      1.97471278         1.97332229
59     58  5.8 2.8993978      2.04551952         2.04404439
60     59  5.9 3.1071233      2.10747843         2.10593341
61     60  6.0 3.3205845      2.16017029         2.15857080
62     61  6.1 3.5388375      2.20326844         2.20163048
63     62  6.2 3.7609106      2.23654210         2.23488202
64     63  6.3 3.9858139      2.25985864         2.25819304
65     64  6.4 4.2125492      2.27318492         2.27153044
66     65  6.5 4.4401200      2.27658763         2.27496079
67     66  6.6 4.6675414      2.27023259         2.26864966
68     67  6.7 4.8938499      2.25438315         2.25285994
69     68  6.8 5.1181134      2.22939749         2.22794922
70     69  6.9 5.3394398      2.19572510         2.19436624
71     70  7.0 5.5569866      2.15390225         2.15264638
72     71  7.1 5.7699690      2.10454667         2.10340633
73     72  7.2 5.9776679      2.04835131         2.04733790
74     73  7.3 6.1794366      1.98607752         1.98520116
75     74  7.4 6.3747081      1.91854733         1.91781678
76     75  7.5 6.5630000      1.84663532         1.84605788
77     76  7.6 6.7439197      1.77125984         1.77084129
78     77  7.7 6.9171682      1.69337386         1.69311837
79     78  7.8 7.0825433      1.61395542         1.61386554
80     79  7.9 7.2399413      1.53399787         1.53407451
81     80  8.0 7.3893582      1.45449997         1.45474235
82     81  8.1 7.5308898      1.37645585         1.37686155
83     82  8.2 7.6647306      1.30084514         1.30141011
84     83  8.3 7.7911718      1.22862316         1.22934176
85     84  8.4 7.9105989      1.16071135         1.16157639
86     85  8.5 8.0234871      1.09798810         1.09899095
87     86  8.6 8.1303971      1.04127995         1.04241059
88     87  8.7 8.2319692      0.99135335         0.99260048
89     88  8.8 8.3289172      0.94890699         0.95025813
90     89  8.9 8.4220209      0.91456479         0.91600646
91     90  9.0 8.5121185      0.88886974         0.89038753
92     91  9.1 8.6000984      0.87227840         0.87385714
93     92  9.2 8.6868899      0.86515638         0.86678031
94     93  9.3 8.7734544      0.86777467         0.86942756
95     94  9.4 8.8607754      0.88030696         0.88197228
96     95  9.5 8.9498489      0.90282784         0.90448897
97     96  9.6 9.0416732      0.93531214         0.93695247
98     97  9.7 9.1372394      0.97763512         0.97923826
99     98  9.8 9.2375209      1.02957373         1.03112366
100    99  9.9 9.3434641      1.09080885         1.09229009
101   100 10.0 9.4559789      1.16092847                 NA
    central_absolute_error   h
1                       NA 0.1
2             1.657511e-03 0.1
3             1.632628e-03 0.1
4             1.591432e-03 0.1
5             1.534334e-03 0.1
6             1.461906e-03 0.1
7             1.374872e-03 0.1
8             1.274100e-03 0.1
9             1.160597e-03 0.1
10            1.035499e-03 0.1
11            9.000537e-04 0.1
12            7.556156e-04 0.1
13            6.036277e-04 0.1
14            4.456085e-04 0.1
15            2.831370e-04 0.1
16            1.178364e-04 0.1
17            4.864154e-05 0.1
18            2.146335e-04 0.1
19            3.784809e-04 0.1
20            5.385466e-04 0.1
21            6.932314e-04 0.1
22            8.409896e-04 0.1
23            9.803449e-04 0.1
24            1.109905e-03 0.1
25            1.228375e-03 0.1
26            1.334572e-03 0.1
27            1.427434e-03 0.1
28            1.506034e-03 0.1
29            1.569586e-03 0.1
30            1.617455e-03 0.1
31            1.649163e-03 0.1
32            1.664393e-03 0.1
33            1.662993e-03 0.1
34            1.644977e-03 0.1
35            1.610525e-03 0.1
36            1.559981e-03 0.1
37            1.493850e-03 0.1
38            1.412793e-03 0.1
39            1.317621e-03 0.1
40            1.209282e-03 0.1
41            1.088861e-03 0.1
42            9.575610e-04 0.1
43            8.166929e-04 0.1
44            6.676647e-04 0.1
45            5.119654e-04 0.1
46            3.511507e-04 0.1
47            1.868274e-04 0.1
48            2.063745e-05 0.1
49            1.457587e-04 0.1
50            3.106986e-04 0.1
51            4.725340e-04 0.1
52            6.296480e-04 0.1
53            7.804708e-04 0.1
54            9.234954e-04 0.1
55            1.057293e-03 0.1
56            1.180526e-03 0.1
57            1.291964e-03 0.1
58            1.390493e-03 0.1
59            1.475128e-03 0.1
60            1.545025e-03 0.1
61            1.599484e-03 0.1
62            1.637962e-03 0.1
63            1.660073e-03 0.1
64            1.665598e-03 0.1
65            1.654481e-03 0.1
66            1.626832e-03 0.1
67            1.582929e-03 0.1
68            1.523210e-03 0.1
69            1.448271e-03 0.1
70            1.358862e-03 0.1
71            1.255876e-03 0.1
72            1.140341e-03 0.1
73            1.013412e-03 0.1
74            8.763576e-04 0.1
75            7.305468e-04 0.1
76            5.774367e-04 0.1
77            4.185571e-04 0.1
78            2.554953e-04 0.1
79            8.988075e-05 0.1
80            7.663188e-05 0.1
81            2.423788e-04 0.1
82            4.057040e-04 0.1
83            5.649755e-04 0.1
84            7.186020e-04 0.1
85            8.650485e-04 0.1
86            1.002852e-03 0.1
87            1.130635e-03 0.1
88            1.247121e-03 0.1
89            1.351146e-03 0.1
90            1.441671e-03 0.1
91            1.517791e-03 0.1
92            1.578746e-03 0.1
93            1.623927e-03 0.1
94            1.652882e-03 0.1
95            1.665322e-03 0.1
96            1.661123e-03 0.1
97            1.640326e-03 0.1
98            1.603140e-03 0.1
99            1.549935e-03 0.1
100           1.481244e-03 0.1
101                     NA 0.1
