index time rate left_cumulative trapezoid_cumulative true_cumulative
     0      0.000000      2.000000      0.000000      0.000000      0.000000
     1      0.100000      2.109833      0.200000      0.205492      0.205496
     2      0.200000      2.218669      0.410983      0.421917      0.421933
     3      0.300000      2.325520      0.632850      0.649126      0.649164
     4      0.400000      2.429418      0.865402      0.886873      0.886939
     5      0.500000      2.529426      1.108344      1.134815      1.134917
     6      0.600000      2.624642      1.361287      1.392519      1.392664
     7      0.700000      2.714218      1.623751      1.659462      1.659658
     8      0.800000      2.797356      1.895173      1.935041      1.935293
     9      0.900000      2.873327      2.174908      2.218575      2.218890
    10      1.000000      2.941471      2.462241      2.509315      2.509698
    11      1.100000      3.001207      2.756388      2.806448      2.806904
    12      1.200000      3.052039      3.056509      3.109111      3.109642
    13      1.300000      3.093558      3.361713      3.416391      3.417001
    14      1.400000      3.125450      3.671069      3.727341      3.728033
    15      1.500000      3.147495      3.983614      4.040988      4.041763
    16      1.600000      3.159574      4.298363      4.356342      4.357200
    17      1.700000      3.161665      4.614320      4.672404      4.673344
    18      1.800000      3.153848      4.930487      4.988179      4.989202
    19      1.900000      3.136300      5.245872      5.302687      5.303790
    20      2.000000      3.109297      5.559502      5.614967      5.616147
    21      2.100000      3.073209      5.870431      5.924092      5.925346
    22      2.200000      3.028496      6.177752      6.229177      6.230501
    23      2.300000      2.975705      6.480602      6.529387      6.530776
    24      2.400000      2.915463      6.778172      6.823946      6.825394
    25      2.500000      2.848472      7.069719      7.112142      7.113644
    26      2.600000      2.775501      7.354566      7.393341      7.394889
    27      2.700000      2.697380      7.632116      7.666985      7.668572
    28      2.800000      2.614988      7.901854      7.932604      7.934222
    29      2.900000      2.529249      8.163353      8.189815      8.191458
    30      3.000000      2.441120      8.416278      8.438334      8.439992
    31      3.100000      2.351581      8.660390      8.677969      8.679635
    32      3.200000      2.261626      8.895548      8.908629      8.910295
    33      3.300000      2.172254      9.121711      9.130323      9.131980
    34      3.400000      2.084459      9.338936      9.343159      9.344798
    35      3.500000      1.999217      9.547382      9.547343      9.548957
    36      3.600000      1.917480      9.747304      9.743178      9.744758
    37      3.700000      1.840164      9.939051      9.931060      9.932600
    38      3.800000      1.768142     10.123068     10.111475     10.112968
    39      3.900000      1.702234     10.299882     10.284994     10.286432
    40      4.000000      1.643198     10.470105     10.452265     10.453644
    41      4.100000      1.591723     10.634425     10.614011     10.615324
    42      4.200000      1.548424     10.793598     10.771019     10.772261
    43      4.300000      1.513834     10.948440     10.924132     10.925299
    44      4.400000      1.488398     11.099823     11.074243     11.075333
    45      4.500000      1.472470     11.248663     11.222287     11.223296
    46      4.600000      1.466309     11.395910     11.369226     11.370153
    47      4.700000      1.470077     11.542541     11.516045     11.516889
    48      4.800000      1.483835     11.689549     11.663740     11.664501
    49      4.900000      1.507547     11.837932     11.813310     11.813988
    50      5.000000      1.541076     11.988687     11.965741     11.966338
    51      5.100000      1.584185     12.142795     12.122004     12.122522
    52      5.200000      1.636545     12.301213     12.283040     12.283483
    53      5.300000      1.697733     12.464868     12.449754     12.450126
    54      5.400000      1.767236     12.634641     12.623003     12.623307
    55      5.500000      1.844460     12.811364     12.803587     12.803830
    56      5.600000      1.928733     12.995810     12.992247     12.992434
    57      5.700000      2.019314     13.188684     13.189649     13.189787
    58      5.800000      2.115398     13.390615     13.396385     13.396480
    59      5.900000      2.216123     13.602155     13.612961     13.613022
    60      6.000000      2.320585     13.823767     13.839797     13.839830
    61      6.100000      2.427837     14.055826     14.077218     14.077232
    62      6.200000      2.536911     14.298609     14.325455     14.325458
    63      6.300000      2.646814     14.552301     14.584641     14.584641
    64      6.400000      2.756549     14.816982     14.854809     14.854815
    65      6.500000      2.865120     15.092637     15.135893     15.135912
    66      6.600000      2.971541     15.379149     15.427726     15.427767
    67      6.700000      3.074850     15.676303     15.730045     15.730117
    68      6.800000      3.174113     15.983788     16.042494     16.042603
    69      6.900000      3.268440     16.301199     16.364621     16.364775
    70      7.000000      3.356987     16.628043     16.695893     16.696098
    71      7.100000      3.438969     16.963742     17.035690     17.035953
    72      7.200000      3.513668     17.307639     17.383322     17.383649
    73      7.300000      3.580437     17.659006     17.738027     17.738422
    74      7.400000      3.638708     18.017049     18.098985     18.099453
    75      7.500000      3.688000     18.380920     18.465320     18.465865
    76      7.600000      3.727920     18.749720     18.836116     18.836740
    77      7.700000      3.758168     19.122512     19.210420     19.211126
    78      7.800000      3.778543     19.498329     19.587256     19.588045
    79      7.900000      3.788941     19.876183     19.965630     19.966502
    80      8.000000      3.789358     20.255077     20.344545     20.345500
    81      8.100000      3.779890     20.634013     20.723008     20.724044
    82      8.200000      3.760731     21.012002     21.100039     21.101155
    83      8.300000      3.732172     21.388075     21.474684     21.475877
    84      8.400000      3.694599     21.761292     21.846022     21.847289
    85      8.500000      3.648487     22.130752     22.213177     22.214512
    86      8.600000      3.594397     22.495601     22.575321     22.576720
    87      8.700000      3.532969     22.855041     22.931689     22.933147
    88      8.800000      3.464917     23.208338     23.281584     23.283093
    89      8.900000      3.391021     23.554829     23.624380     23.625935
    90      9.000000      3.312118     23.893931     23.959537     23.961130
    91      9.100000      3.229098     24.225143     24.286598     24.288222
    92      9.200000      3.142890     24.548053     24.605198     24.606844
    93      9.300000      3.054454     24.862342     24.915065     24.916725
    94      9.400000      2.964775     25.167788     25.216026     25.217693
    95      9.500000      2.874849     25.464265     25.508008     25.509672
    96      9.600000      2.785673     25.751750     25.791034     25.792688
    97      9.700000      2.698239     26.030317     26.065229     26.066865
    98      9.800000      2.613521     26.300141     26.330817     26.332426
    99      9.900000      2.532464     26.561493     26.588117     26.589691
   100     10.000000      2.455979     26.814740     26.837539     26.839072
