growth_rate carrying_capacity initial_value stop_time final_value
      0.18000000     80.00000000     10.00000000     20.00000000     67.15544317
      0.18000000    100.00000000     10.00000000     20.00000000     80.26239369
      0.18000000    125.00000000     10.00000000     20.00000000     95.11324809
      0.18000000    150.00000000     10.00000000     20.00000000    108.49657556
      0.25000000     80.00000000     10.00000000     20.00000000     76.39670152
      0.25000000    100.00000000     10.00000000     20.00000000     94.28256186
      0.25000000    125.00000000     10.00000000     20.00000000    116.01074603
      0.25000000    150.00000000     10.00000000     20.00000000    137.07001322
      0.35000000     80.00000000     10.00000000     20.00000000     79.49258502
      0.35000000    100.00000000     10.00000000     20.00000000     99.18598679
      0.35000000    125.00000000     10.00000000     20.00000000    123.70277323
      0.35000000    150.00000000     10.00000000     20.00000000    148.10918665
      0.45000000     80.00000000     10.00000000     20.00000000     79.93095016
      0.45000000    100.00000000     10.00000000     20.00000000     99.88905440
      0.45000000    125.00000000     10.00000000     20.00000000    124.82284982
      0.45000000    150.00000000     10.00000000     20.00000000    149.74128640
      0.55000000     80.00000000     10.00000000     20.00000000     79.99064814
      0.55000000    100.00000000     10.00000000     20.00000000     99.98497073
      0.55000000    125.00000000     10.00000000     20.00000000    124.97599592
      0.55000000    150.00000000     10.00000000     20.00000000    149.96493463
