index x value true_derivative forward_difference backward_difference central_difference central_absolute_error step_size
     0      0.00000000      0.00000000      1.00000000      1.00833417      0.00000000      0.00000000      0.00000000      0.10000000
     1      0.10000000      0.10083342      1.01500417      1.01835914      1.00833417      1.01334665      0.00165751      0.10000000
     2      0.20000000      0.20266933      1.02006658      1.01850876      1.01835914      1.01843395      0.00163263      0.10000000
     3      0.30000000      0.30452021      1.01533649      1.00898136      1.01850876      1.01374506      0.00159143      0.10000000
     4      0.40000000      0.40541834      1.00106099      0.99007196      1.00898136      0.99952666      0.00153433      0.10000000
     5      0.50000000      0.50442554      0.97758256      0.96216935      0.99007196      0.97612066      0.00146191      0.10000000
     6      0.60000000      0.60064247      0.94533561      0.92575214      0.96216935      0.94396074      0.00137487      0.10000000
     7      0.70000000      0.69321769      0.90484219      0.88138404      0.92575214      0.90356809      0.00127410      0.10000000
     8      0.80000000      0.78135609      0.85670671      0.82970819      0.88138404      0.85554611      0.00116060      0.10000000
     9      0.90000000      0.86432691      0.80160997      0.77144075      0.82970819      0.80057447      0.00103550      0.10000000
    10      1.00000000      0.94147098      0.74030231      0.70736375      0.77144075      0.73940225      0.00090005      0.10000000
    11      1.10000000      1.01220736      0.67359612      0.63831726      0.70736375      0.67284051      0.00075562      0.10000000
    12      1.20000000      1.07603909      0.60235775      0.56519099      0.63831726      0.60175413      0.00060363      0.10000000
    13      1.30000000      1.13255819      0.52749883      0.48891545      0.56519099      0.52705322      0.00044561      0.10000000
    14      1.40000000      1.18144973      0.44996714      0.41045257      0.48891545      0.44968401      0.00028314      0.10000000
    15      1.50000000      1.22249499      0.37073720      0.33078616      0.41045257      0.37061937      0.00011784      0.10000000
    16      1.60000000      1.25557360      0.29080048      0.25091207      0.33078616      0.29084912      0.00004864      0.10000000
    17      1.70000000      1.28066481      0.21115551      0.17182820      0.25091207      0.21137014      0.00021463      0.10000000
    18      1.80000000      1.29784763      0.13279791      0.09452457      0.17182820      0.13317639      0.00037848      0.10000000
    19      1.90000000      1.30730009      0.05671043      0.01997339      0.09452457      0.05724898      0.00053855      0.10000000
    20      2.00000000      1.30929743     -0.01614684     -0.05088060      0.01997339     -0.01545361      0.00069323      0.10000000
    21      2.10000000      1.30420937     -0.08484610     -0.11712963     -0.05088060     -0.08400512      0.00084099      0.10000000
    22      2.20000000      1.29249640     -0.14850112     -0.17791192     -0.11712963     -0.14752077      0.00098034      0.10000000
    23      2.30000000      1.27470521     -0.20627602     -0.23242032     -0.17791192     -0.20516612      0.00110990      0.10000000
    24      2.40000000      1.25146318     -0.25739372     -0.27991036     -0.23242032     -0.25616534      0.00122838      0.10000000
    25      2.50000000      1.22347214     -0.30114362     -0.31970772     -0.27991036     -0.29980904      0.00133457      0.10000000
    26      2.60000000      1.19150137     -0.33688875     -0.35121492     -0.31970772     -0.33546132      0.00142743      0.10000000
    27      2.70000000      1.15637988     -0.36407214     -0.37391730     -0.35121492     -0.36256611      0.00150603      0.10000000
    28      2.80000000      1.11898815     -0.38222234     -0.38738821     -0.37391730     -0.38065276      0.00156959      0.10000000
    29      2.90000000      1.08024933     -0.39095817     -0.39129321     -0.38738821     -0.38934071      0.00161745      0.10000000
    30      3.00000000      1.04112001     -0.38999250     -0.38539346     -0.39129321     -0.38834333      0.00164916      0.10000000
    31      3.10000000      1.00258066     -0.37913515     -0.36954806     -0.38539346     -0.37747076      0.00166439      0.10000000
    32      3.20000000      0.96562586     -0.35829478     -0.34371551     -0.36954806     -0.35663178      0.00166299      0.10000000
    33      3.30000000      0.93125431     -0.32747977     -0.30795408     -0.34371551     -0.32583479      0.00164498      0.10000000
    34      3.40000000      0.90045890     -0.28679819     -0.26242126     -0.30795408     -0.28518767      0.00161052      0.10000000
    35      3.50000000      0.87421677     -0.23645669     -0.20737216     -0.26242126     -0.23489671      0.00155998      0.10000000
    36      3.60000000      0.85347956     -0.17675842     -0.14315698     -0.20737216     -0.17526457      0.00149385      0.10000000
    37      3.70000000      0.83916386     -0.10810003     -0.07021750     -0.14315698     -0.10668724      0.00141279      0.10000000
    38      3.80000000      0.83214211     -0.03096771      0.01091732     -0.07021750     -0.02965009      0.00131762      0.10000000
    39      3.90000000      0.83323384      0.05406770      0.09963664      0.01091732      0.05527698      0.00120928      0.10000000
    40      4.00000000      0.84319750      0.14635638      0.19525384      0.09963664      0.14744524      0.00108886      0.10000000
    41      4.10000000      0.86272289      0.24517605      0.29701339      0.19525384      0.24613361      0.00095756      0.10000000
    42      4.20000000      0.89242423      0.34973918      0.40409836      0.29701339      0.35055587      0.00081669      0.10000000
    43      4.30000000      0.93283406      0.45920083      0.51563863      0.40409836      0.45986849      0.00066766      0.10000000
    44      4.40000000      0.98439793      0.57266713      0.63071956      0.51563863      0.57317910      0.00051197      0.10000000
    45      4.50000000      1.04746988      0.68920420      0.74839114      0.63071956      0.68955535      0.00035115      0.10000000
    46      4.60000000      1.12230900      0.80784747      0.86767746      0.74839114      0.80803430      0.00018683      0.10000000
    47      4.70000000      1.20907674      0.92761134      0.98758649      0.86767746      0.92763197      0.00002064      0.10000000
    48      4.80000000      1.30783539      1.04749898      1.10711996      0.98758649      1.04735322      0.00014576      0.10000000
    49      4.90000000      1.41854739      1.16651237      1.22528338      1.10711996      1.16620167      0.00031070      0.10000000
    50      5.00000000      1.54107573      1.28366219      1.34109592      1.22528338      1.28318965      0.00047253      0.10000000
    51      5.10000000      1.67518532      1.39797774      1.45360027      1.34109592      1.39734809      0.00062965      0.10000000
    52      5.20000000      1.82054534      1.50851667      1.56187213      1.45360027      1.50773620      0.00078047      0.10000000
    53      5.30000000      1.97673256      1.61437434      1.66502955      1.56187213      1.61345084      0.00092350      0.10000000
    54      5.40000000      2.14323551      1.71469288      1.76224162      1.66502955      1.71363558      0.00105729      0.10000000
    55      5.50000000      2.31945967      1.80866977      1.85273688      1.76224162      1.80748925      0.00118053      0.10000000
    56      5.60000000      2.50473336      1.89556588      1.93581095      1.85273688      1.89427391      0.00129196      0.10000000
    57      5.70000000      2.69831446      1.97471278      2.01083363      1.93581095      1.97332229      0.00139049      0.10000000
    58      5.80000000      2.89939782      2.04551952      2.07725515      2.01083363      2.04404439      0.00147513      0.10000000
    59      5.90000000      3.10712334      2.10747843      2.13461167      2.07725515      2.10593341      0.00154502      0.10000000
    60      6.00000000      3.32058450      2.16017029      2.18252994      2.13461167      2.15857080      0.00159948      0.10000000
    61      6.10000000      3.53883750      2.20326844      2.22073101      2.18252994      2.20163048      0.00163796      0.10000000
    62      6.20000000      3.76091060      2.23654210      2.24903303      2.22073101      2.23488202      0.00166007      0.10000000
    63      6.30000000      3.98581390      2.25985864      2.26735304      2.24903303      2.25819304      0.00166560      0.10000000
    64      6.40000000      4.21254920      2.27318492      2.27570783      2.26735304      2.27153044      0.00165448      0.10000000
    65      6.50000000      4.44011999      2.27658763      2.27421375      2.27570783      2.27496079      0.00162683      0.10000000
    66      6.60000000      4.66754136      2.27023259      2.26308557      2.27421375      2.26864966      0.00158293      0.10000000
    67      6.70000000      4.89384992      2.25438315      2.24263431      2.26308557      2.25285994      0.00152321      0.10000000
    68      6.80000000      5.11811335      2.22939749      2.21326413      2.24263431      2.22794922      0.00144827      0.10000000
    69      6.90000000      5.33943976      2.19572510      2.17546834      2.21326413      2.19436624      0.00135886      0.10000000
    70      7.00000000      5.55698660      2.15390225      2.12982441      2.17546834      2.15264638      0.00125588      0.10000000
    71      7.10000000      5.76996904      2.10454667      2.07698824      2.12982441      2.10340633      0.00114034      0.10000000
    72      7.20000000      5.97766786      2.04835131      2.01768757      2.07698824      2.04733790      0.00101341      0.10000000
    73      7.30000000      6.17943662      1.98607752      1.95271475      2.01768757      1.98520116      0.00087636      0.10000000
    74      7.40000000      6.37470810      1.91854733      1.88291881      1.95271475      1.91781678      0.00073055      0.10000000
    75      7.50000000      6.56299998      1.84663532      1.80919695      1.88291881      1.84605788      0.00057744      0.10000000
    76      7.60000000      6.74391967      1.77125984      1.73248562      1.80919695      1.77084129      0.00041856      0.10000000
    77      7.70000000      6.91716823      1.69337386      1.65375111      1.73248562      1.69311837      0.00025550      0.10000000
    78      7.80000000      7.08254335      1.61395542      1.57397996      1.65375111      1.61386554      0.00008988      0.10000000
    79      7.90000000      7.23994134      1.53399787      1.49416905      1.57397996      1.53407451      0.00007663      0.10000000
    80      8.00000000      7.38935825      1.45449997      1.41531564      1.49416905      1.45474235      0.00024238      0.10000000
    81      8.10000000      7.53088981      1.37645585      1.33840746      1.41531564      1.37686155      0.00040570      0.10000000
    82      8.20000000      7.66473056      1.30084514      1.26441277      1.33840746      1.30141011      0.00056498      0.10000000
    83      8.30000000      7.79117183      1.22862316      1.19427074      1.26441277      1.22934176      0.00071860      0.10000000
    84      8.40000000      7.91059891      1.16071135      1.12888205      1.19427074      1.16157639      0.00086505      0.10000000
    85      8.50000000      8.02348711      1.09798810      1.06909985      1.12888205      1.09899095      0.00100285      0.10000000
    86      8.60000000      8.13039710      1.04127995      1.01572132      1.06909985      1.04241059      0.00113063      0.10000000
    87      8.70000000      8.23196923      0.99135335      0.96947963      1.01572132      0.99260048      0.00124712      0.10000000
    88      8.80000000      8.32891719      0.94890699      0.93103664      0.96947963      0.95025813      0.00135115      0.10000000
    89      8.90000000      8.42202086      0.91456479      0.90097629      0.93103664      0.91600646      0.00144167      0.10000000
    90      9.00000000      8.51211849      0.88886974      0.87979877      0.90097629      0.89038753      0.00151779      0.10000000
    91      9.10000000      8.60009836      0.87227840      0.86791552      0.87979877      0.87385714      0.00157875      0.10000000
    92      9.20000000      8.68688991      0.86515638      0.86564509      0.86791552      0.86678031      0.00162393      0.10000000
    93      9.30000000      8.77345442      0.86777467      0.87321002      0.86564509      0.86942756      0.00165288      0.10000000
    94      9.40000000      8.86077543      0.88030696      0.89073454      0.87321002      0.88197228      0.00166532      0.10000000
    95      9.50000000      8.94984888      0.90282784      0.91824339      0.89073454      0.90448897      0.00166112      0.10000000
    96      9.60000000      9.04167322      0.93531214      0.95566155      0.91824339      0.93695247      0.00164033      0.10000000
    97      9.70000000      9.13723937      0.97763512      1.00281497      0.95566155      0.97923826      0.00160314      0.10000000
    98      9.80000000      9.23752087      1.02957373      1.05943235      1.00281497      1.03112366      0.00154994      0.10000000
    99      9.90000000      9.34346411      1.09080885      1.12514783      1.05943235      1.09229009      0.00148124      0.10000000
   100     10.00000000      9.45597889      1.16092847      0.00000000      1.12514783      0.00000000      0.00000000      0.10000000
