scenario time analytical_state euler_state absolute_error input_rate loss_rate equilibrium initial_state method
input_loss_balance    0.000000   20.000000   20.000000    0.000000   12.000000    0.400000   30.000000   20.000000    0.000000 analytical_vs_euler
input_loss_balance    0.100000   20.392106   20.400000    0.007894   12.000000    0.400000   30.000000   20.000000    0.000000 analytical_vs_euler
input_loss_balance    0.200000   20.768837   20.784000    0.015163   12.000000    0.400000   30.000000   20.000000    0.000000 analytical_vs_euler
input_loss_balance    0.300000   21.130796   21.152640    0.021844   12.000000    0.400000   30.000000   20.000000    0.000000 analytical_vs_euler
input_loss_balance    0.400000   21.478562   21.506534    0.027972   12.000000    0.400000   30.000000   20.000000    0.000000 analytical_vs_euler
input_loss_balance    0.500000   21.812692   21.846273    0.033581   12.000000    0.400000   30.000000   20.000000    0.000000 analytical_vs_euler
input_loss_balance    0.600000   22.133721   22.172422    0.038701   12.000000    0.400000   30.000000   20.000000    0.000000 analytical_vs_euler
input_loss_balance    0.700000   22.442163   22.485525    0.043363   12.000000    0.400000   30.000000   20.000000    0.000000 analytical_vs_euler
input_loss_balance    0.800000   22.738510   22.786104    0.047595   12.000000    0.400000   30.000000   20.000000    0.000000 analytical_vs_euler
input_loss_balance    0.900000   23.023237   23.074660    0.051423   12.000000    0.400000   30.000000   20.000000    0.000000 analytical_vs_euler
input_loss_balance    1.000000   23.296800   23.351674    0.054874   12.000000    0.400000   30.000000   20.000000    0.000000 analytical_vs_euler
input_loss_balance    1.100000   23.559636   23.617607    0.057971   12.000000    0.400000   30.000000   20.000000    0.000000 analytical_vs_euler
input_loss_balance    1.200000   23.812166   23.872902    0.060736   12.000000    0.400000   30.000000   20.000000    0.000000 analytical_vs_euler
input_loss_balance    1.300000   24.054795   24.117986    0.063192   12.000000    0.400000   30.000000   20.000000    0.000000 analytical_vs_euler
input_loss_balance    1.400000   24.287909   24.353267    0.065358   12.000000    0.400000   30.000000   20.000000    0.000000 analytical_vs_euler
input_loss_balance    1.500000   24.511884   24.579136    0.067253   12.000000    0.400000   30.000000   20.000000    0.000000 analytical_vs_euler
input_loss_balance    1.600000   24.727076   24.795971    0.068895   12.000000    0.400000   30.000000   20.000000    0.000000 analytical_vs_euler
input_loss_balance    1.700000   24.933830   25.004132    0.070302   12.000000    0.400000   30.000000   20.000000    0.000000 analytical_vs_euler
input_loss_balance    1.800000   25.132477   25.203967    0.071489   12.000000    0.400000   30.000000   20.000000    0.000000 analytical_vs_euler
input_loss_balance    1.900000   25.323336   25.395808    0.072472   12.000000    0.400000   30.000000   20.000000    0.000000 analytical_vs_euler
input_loss_balance    2.000000   25.506710   25.579976    0.073265   12.000000    0.400000   30.000000   20.000000    0.000000 analytical_vs_euler
input_loss_balance    2.100000   25.682895   25.756777    0.073882   12.000000    0.400000   30.000000   20.000000    0.000000 analytical_vs_euler
input_loss_balance    2.200000   25.852171   25.926506    0.074335   12.000000    0.400000   30.000000   20.000000    0.000000 analytical_vs_euler
input_loss_balance    2.300000   26.014810   26.089445    0.074636   12.000000    0.400000   30.000000   20.000000    0.000000 analytical_vs_euler
input_loss_balance    2.400000   26.171071   26.245868    0.074796   12.000000    0.400000   30.000000   20.000000    0.000000 analytical_vs_euler
input_loss_balance    2.500000   26.321206   26.396033    0.074827   12.000000    0.400000   30.000000   20.000000    0.000000 analytical_vs_euler
input_loss_balance    2.600000   26.465453   26.540192    0.074738   12.000000    0.400000   30.000000   20.000000    0.000000 analytical_vs_euler
input_loss_balance    2.700000   26.604045   26.678584    0.074539   12.000000    0.400000   30.000000   20.000000    0.000000 analytical_vs_euler
input_loss_balance    2.800000   26.737202   26.811441    0.074238   12.000000    0.400000   30.000000   20.000000    0.000000 analytical_vs_euler
input_loss_balance    2.900000   26.865138   26.938983    0.073845   12.000000    0.400000   30.000000   20.000000    0.000000 analytical_vs_euler
input_loss_balance    3.000000   26.988058   27.061424    0.073366   12.000000    0.400000   30.000000   20.000000    0.000000 analytical_vs_euler
input_loss_balance    3.100000   27.106158   27.178967    0.072809   12.000000    0.400000   30.000000   20.000000    0.000000 analytical_vs_euler
input_loss_balance    3.200000   27.219627   27.291808    0.072181   12.000000    0.400000   30.000000   20.000000    0.000000 analytical_vs_euler
input_loss_balance    3.300000   27.328647   27.400136    0.071489   12.000000    0.400000   30.000000   20.000000    0.000000 analytical_vs_euler
input_loss_balance    3.400000   27.433392   27.504130    0.070738   12.000000    0.400000   30.000000   20.000000    0.000000 analytical_vs_euler
input_loss_balance    3.500000   27.534030   27.603965    0.069935   12.000000    0.400000   30.000000   20.000000    0.000000 analytical_vs_euler
input_loss_balance    3.600000   27.630722   27.699806    0.069084   12.000000    0.400000   30.000000   20.000000    0.000000 analytical_vs_euler
input_loss_balance    3.700000   27.723623   27.791814    0.068191   12.000000    0.400000   30.000000   20.000000    0.000000 analytical_vs_euler
input_loss_balance    3.800000   27.812881   27.880142    0.067260   12.000000    0.400000   30.000000   20.000000    0.000000 analytical_vs_euler
input_loss_balance    3.900000   27.898639   27.964936    0.066297   12.000000    0.400000   30.000000   20.000000    0.000000 analytical_vs_euler
input_loss_balance    4.000000   27.981035   28.046338    0.065304   12.000000    0.400000   30.000000   20.000000    0.000000 analytical_vs_euler
input_loss_balance    4.100000   28.060200   28.124485    0.064285   12.000000    0.400000   30.000000   20.000000    0.000000 analytical_vs_euler
input_loss_balance    4.200000   28.136260   28.199506    0.063245   12.000000    0.400000   30.000000   20.000000    0.000000 analytical_vs_euler
input_loss_balance    4.300000   28.209339   28.271525    0.062187   12.000000    0.400000   30.000000   20.000000    0.000000 analytical_vs_euler
input_loss_balance    4.400000   28.279551   28.340664    0.061113   12.000000    0.400000   30.000000   20.000000    0.000000 analytical_vs_euler
input_loss_balance    4.500000   28.347011   28.407038    0.060027   12.000000    0.400000   30.000000   20.000000    0.000000 analytical_vs_euler
input_loss_balance    4.600000   28.411826   28.470756    0.058930   12.000000    0.400000   30.000000   20.000000    0.000000 analytical_vs_euler
input_loss_balance    4.700000   28.474099   28.531926    0.057827   12.000000    0.400000   30.000000   20.000000    0.000000 analytical_vs_euler
input_loss_balance    4.800000   28.533930   28.590649    0.056719   12.000000    0.400000   30.000000   20.000000    0.000000 analytical_vs_euler
input_loss_balance    4.900000   28.591416   28.647023    0.055607   12.000000    0.400000   30.000000   20.000000    0.000000 analytical_vs_euler
input_loss_balance    5.000000   28.646647   28.701142    0.054495   12.000000    0.400000   30.000000   20.000000    0.000000 analytical_vs_euler
input_loss_balance    5.100000   28.699713   28.753096    0.053383   12.000000    0.400000   30.000000   20.000000    0.000000 analytical_vs_euler
input_loss_balance    5.200000   28.750698   28.802973    0.052275   12.000000    0.400000   30.000000   20.000000    0.000000 analytical_vs_euler
input_loss_balance    5.300000   28.799684   28.850854    0.051170   12.000000    0.400000   30.000000   20.000000    0.000000 analytical_vs_euler
input_loss_balance    5.400000   28.846749   28.896819    0.050071   12.000000    0.400000   30.000000   20.000000    0.000000 analytical_vs_euler
input_loss_balance    5.500000   28.891968   28.940947    0.048978   12.000000    0.400000   30.000000   20.000000    0.000000 analytical_vs_euler
input_loss_balance    5.600000   28.935415   28.983309    0.047894   12.000000    0.400000   30.000000   20.000000    0.000000 analytical_vs_euler
input_loss_balance    5.700000   28.977158   29.023976    0.046819   12.000000    0.400000   30.000000   20.000000    0.000000 analytical_vs_euler
input_loss_balance    5.800000   29.017264   29.063017    0.045753   12.000000    0.400000   30.000000   20.000000    0.000000 analytical_vs_euler
input_loss_balance    5.900000   29.055798   29.100497    0.044699   12.000000    0.400000   30.000000   20.000000    0.000000 analytical_vs_euler
input_loss_balance    6.000000   29.092820   29.136477    0.043656   12.000000    0.400000   30.000000   20.000000    0.000000 analytical_vs_euler
input_loss_balance    6.100000   29.128391   29.171018    0.042626   12.000000    0.400000   30.000000   20.000000    0.000000 analytical_vs_euler
input_loss_balance    6.200000   29.162568   29.204177    0.041609   12.000000    0.400000   30.000000   20.000000    0.000000 analytical_vs_euler
input_loss_balance    6.300000   29.195404   29.236010    0.040606   12.000000    0.400000   30.000000   20.000000    0.000000 analytical_vs_euler
input_loss_balance    6.400000   29.226953   29.266570    0.039617   12.000000    0.400000   30.000000   20.000000    0.000000 analytical_vs_euler
input_loss_balance    6.500000   29.257264   29.295907    0.038643   12.000000    0.400000   30.000000   20.000000    0.000000 analytical_vs_euler
input_loss_balance    6.600000   29.286387   29.324071    0.037683   12.000000    0.400000   30.000000   20.000000    0.000000 analytical_vs_euler
input_loss_balance    6.700000   29.314368   29.351108    0.036739   12.000000    0.400000   30.000000   20.000000    0.000000 analytical_vs_euler
input_loss_balance    6.800000   29.341252   29.377063    0.035811   12.000000    0.400000   30.000000   20.000000    0.000000 analytical_vs_euler
input_loss_balance    6.900000   29.367082   29.401981    0.034899   12.000000    0.400000   30.000000   20.000000    0.000000 analytical_vs_euler
input_loss_balance    7.000000   29.391899   29.425902    0.034002   12.000000    0.400000   30.000000   20.000000    0.000000 analytical_vs_euler
input_loss_balance    7.100000   29.415743   29.448866    0.033122   12.000000    0.400000   30.000000   20.000000    0.000000 analytical_vs_euler
input_loss_balance    7.200000   29.438652   29.470911    0.032259   12.000000    0.400000   30.000000   20.000000    0.000000 analytical_vs_euler
input_loss_balance    7.300000   29.460663   29.492075    0.031411   12.000000    0.400000   30.000000   20.000000    0.000000 analytical_vs_euler
input_loss_balance    7.400000   29.481811   29.512392    0.030581   12.000000    0.400000   30.000000   20.000000    0.000000 analytical_vs_euler
input_loss_balance    7.500000   29.502129   29.531896    0.029767   12.000000    0.400000   30.000000   20.000000    0.000000 analytical_vs_euler
input_loss_balance    7.600000   29.521651   29.550620    0.028969   12.000000    0.400000   30.000000   20.000000    0.000000 analytical_vs_euler
input_loss_balance    7.700000   29.540407   29.568595    0.028188   12.000000    0.400000   30.000000   20.000000    0.000000 analytical_vs_euler
input_loss_balance    7.800000   29.558428   29.585851    0.027423   12.000000    0.400000   30.000000   20.000000    0.000000 analytical_vs_euler
input_loss_balance    7.900000   29.575743   29.602417    0.026675   12.000000    0.400000   30.000000   20.000000    0.000000 analytical_vs_euler
input_loss_balance    8.000000   29.592378   29.618321    0.025943   12.000000    0.400000   30.000000   20.000000    0.000000 analytical_vs_euler
input_loss_balance    8.100000   29.608361   29.633588    0.025227   12.000000    0.400000   30.000000   20.000000    0.000000 analytical_vs_euler
input_loss_balance    8.200000   29.623717   29.648244    0.024527   12.000000    0.400000   30.000000   20.000000    0.000000 analytical_vs_euler
input_loss_balance    8.300000   29.638472   29.662315    0.023843   12.000000    0.400000   30.000000   20.000000    0.000000 analytical_vs_euler
input_loss_balance    8.400000   29.652647   29.675822    0.023175   12.000000    0.400000   30.000000   20.000000    0.000000 analytical_vs_euler
input_loss_balance    8.500000   29.666267   29.688789    0.022522   12.000000    0.400000   30.000000   20.000000    0.000000 analytical_vs_euler
input_loss_balance    8.600000   29.679353   29.701238    0.021884   12.000000    0.400000   30.000000   20.000000    0.000000 analytical_vs_euler
input_loss_balance    8.700000   29.691926   29.713188    0.021262   12.000000    0.400000   30.000000   20.000000    0.000000 analytical_vs_euler
input_loss_balance    8.800000   29.704006   29.724661    0.020655   12.000000    0.400000   30.000000   20.000000    0.000000 analytical_vs_euler
input_loss_balance    8.900000   29.715612   29.735674    0.020062   12.000000    0.400000   30.000000   20.000000    0.000000 analytical_vs_euler
input_loss_balance    9.000000   29.726763   29.746247    0.019484   12.000000    0.400000   30.000000   20.000000    0.000000 analytical_vs_euler
input_loss_balance    9.100000   29.737477   29.756397    0.018921   12.000000    0.400000   30.000000   20.000000    0.000000 analytical_vs_euler
input_loss_balance    9.200000   29.747770   29.766141    0.018371   12.000000    0.400000   30.000000   20.000000    0.000000 analytical_vs_euler
input_loss_balance    9.300000   29.757660   29.775496    0.017835   12.000000    0.400000   30.000000   20.000000    0.000000 analytical_vs_euler
input_loss_balance    9.400000   29.767163   29.784476    0.017313   12.000000    0.400000   30.000000   20.000000    0.000000 analytical_vs_euler
input_loss_balance    9.500000   29.776292   29.793097    0.016805   12.000000    0.400000   30.000000   20.000000    0.000000 analytical_vs_euler
input_loss_balance    9.600000   29.785064   29.801373    0.016309   12.000000    0.400000   30.000000   20.000000    0.000000 analytical_vs_euler
input_loss_balance    9.700000   29.793492   29.809318    0.015826   12.000000    0.400000   30.000000   20.000000    0.000000 analytical_vs_euler
input_loss_balance    9.800000   29.801589   29.816945    0.015356   12.000000    0.400000   30.000000   20.000000    0.000000 analytical_vs_euler
input_loss_balance    9.900000   29.809369   29.824268    0.014899   12.000000    0.400000   30.000000   20.000000    0.000000 analytical_vs_euler
input_loss_balance   10.000000   29.816844   29.831297    0.014453   12.000000    0.400000   30.000000   20.000000    0.000000 analytical_vs_euler
